00002452320401961 033064   9010005201911262  57513.82 36   1597.61F   1597.61 2910       0          
00002453230401961 035761   9010007201911272  81196.09 36   2255.45F   2255.45 2910       0          
00002453910401961 031814   9010006201911272 321402.04 36   8927.83F   8927.83 2910       0          
00002454310401961 035425   9010012201912032 159009.42 36   4416.93F   4416.93 2910       0          
00002454350401961 032627   9010010201912032  77813.13 36   2161.48F   2161.48 2910       0          
00002454780401961 033556   9010016201912112  67663.31 36   1879.54F   1879.54 2910       0          
00002454900401961 042551   9010014201912052 135327.18 36   3759.09F   3759.09 2910       0          
00002455780401961 038250   9010018201912122  67663.31 36   1879.54F   1879.54 2910       0          
00002456310401961 043100   9010023201912132 142093.35 36   3947.04F   3947.04 2910       0          
00002456750401961 037249   9010025201912132  77813.13 36   2161.48F   2161.48 2910       0          
00002457860401961 036736   9010028201912192 145476.72 36   4041.02F   4041.02 2910       0          
00002460230401961 043075   9010031202001102 125177.65 36   3477.16F   3477.16 2810       0          
00002460250401961 041987   9010032202001102  50747.63 36   1409.66F   1409.66 2810       0          
00002460330401961 037756   9010036202001152  13532.59 36    375.91F    375.91 2410       0          
00002460730401961 045594   9010040202001212 121794.30 36   3383.18F   3383.18 2810       0          
00002461270401961 034011   9010049202001282  71046.58 36   1973.52F   1973.52 2810       0          
00002461290401961 030675   9010041202001212 101495.39 36   2819.32F   2819.32 2810       0          
00002461540401961 045911   9010038202001202  47364.32 36   1315.68F   1315.68 2810       0          
00002461890401961 030757   9010037202001172  91345.60 36   2537.38F   2537.38 2810       0          
00002462350401961 034811   9010043202001212 121794.30 36   3383.18F   3383.18 2490       0          
00002462770401961 034213   9010048202001282  60897.07 36   1691.59F   1691.59 2490       0          
00002463650401961 038043   9010057202002052  67663.31 36   1879.54F   1879.54 2810       0          
00002464050401961 044122   9010051202001312 169158.96 36   4698.86F   4698.86 2810       0          
00002464250401961 038051   9010055202002042  43981.04 36   1221.70F   1221.70 2810       0          
00002465110401961 043326   9010069202002122 169158.96 36   4698.86F   4698.86 2810       0          
00002465440401961 043221   9010065202002112  57513.82 36   1597.61F   1597.61 2810       0          
00002466490401961 043089   9010073202002182  98318.70 36   2731.08F   2731.08 2710       0          
00002466890401961 037616   9010071202002142 157813.81 30   5260.46F   5260.46 2630       0          
00002468050401961 042344   9010072202002182 364144.44 36  10115.12F  10115.12 2810       0          
00002468630401961 035626   9010076202002202 109243.36 36   3034.54F   3034.54 2710       0          
00002468650401961 042510   9010077202002202 378710.36 36  10519.73F  10519.73 2710       0          
00002469250401961 036368   9010084202002272 207562.40 36   5765.62F   5765.62 2710       0          
00002469720401961 039771   9010082202002262  50747.62 36   1409.66F   1409.66 2810       0          
00002470670401961 031772   9010087202003032 101960.17 36   2832.23F   2832.23 2810       0          
00002471320401961 035157   9010088202003052 222127.88 36   6170.22F   6170.22 2710       0          
00002472750401961 039870     55345202003112 169819.99 33   5146.06F   5146.06 1720       0          
00002475260401961 045311     55374202003162  83753.22 36   2326.48F   2326.48 2710       0          
00002475960401961 031889     55395202003192 122166.33 36   3393.51F   3393.51 2710       0          
00002476920401961 040537     55389202003182  89999.85 36   2500.00F   2500.00 2710       0          
00002477110401961 044019     55401202003192  77157.55 36   2143.27F   2143.27 2710       0          
00002481080401961 038730     55439202005152  35363.75 36    982.33F    982.33 2410       0          
00002481570401961 039275     55441202005182  96447.11 36   2679.09F   2679.09 2510       0          
00002483100401961 045101     55457202005262  35363.75 36    982.33F    982.33 2510       0          
00002485090401961 045657     55464202006092 462946.86 36  12859.63F  12859.63 2410       0          
00002485640401961 037348     55470202006122  77157.55 36   2143.27F   2143.27 2410       0          
00002486640401961 041515     55487202006262 138639.50 36   3851.10F   3851.10 2410       0          
00002486650401961 041515     55488202006262  34968.44 36    971.35F    971.35 2310       0          
00002487670401961 046191     55491202006292  51438.45 36   1428.85F   1428.85 2310       0          
00002487740401961 031243     55499202007012 115736.71 36   3214.91F   3214.91 2310       0          
00002488750401961 041583     55501202007022  45008.50 36   1250.24F   1250.24 2210       0          
00002490990401961 034908     55510202007272 321490.88 36   8930.30F   8930.30 2310       0          
00002491180401961 045127     55523202008062  96447.11 36   2679.09F   2679.09 2210       0          
00002498790401961 031275     55570202009152 154315.37 36   4286.54F   4286.54 1790       0          
00002499580401961 045561     55603202009292 112521.80 36   3125.61F   3125.61 2110       0          
00002501750401961 032836     55604202009292  32148.92 36    893.03F    893.03 2110       0          
00002503160401961 036799     55616202010062 186464.39 36   5179.57F   5179.57 2010       0          
00002503440401961 039053     55613202010022 257192.69 36   7144.24F   7144.24 2010       0          
00002541780401961 034754     56021202103182 514134.53 36  14281.51F  14281.51 1510       0          
00002548690401961 032796     56088202103262 179657.96 18   9981.00F   9981.00 1510       0          
00002558160401961 036192     56224202104302  65544.38 36   1820.68F   1820.68 1410       0          
00002558170401961 036192     56295202104302 274809.80 36   7633.60F   7633.60 1410       0          
00002562530401961 042236     56361202105132  68038.45 30   2267.95F   2267.95 1310       0          
00002562540401961 042236     56362202105132 108642.53 30   3621.42F   3621.42 1310       0          
00002565490401961 037875     56388202105172  43811.86 36   1217.00F   1217.00 1310       0          
00002567880401961 032627     56415202105212  30167.85 36    838.00F    838.00 1310       0          
00002567970401961 034011     56419202105212  72649.69 36   2018.05F   2018.05 1310       0          
00002567980401961 034011     56418202105212  81646.06 36   2267.95F   2267.95 1310       0          
00002569500401961 039477     56481202106142 232084.48 36   6446.79F   6446.79 1210       0          
00002569510401961 039477     56480202106142 250311.82 36   6953.11F   6953.11 1210       0          
00002570130401961 035650     56469202106102 582192.10 36  16172.00F  16172.00 1210       0          
00002571360401961 035770     56483202106142 138312.38 36   3842.01F   3842.01 1210       0          
00002571370401961 035770     56486202106142  64439.54 36   1789.99F   1789.99 1210       0          
00002575140401961 046841     56527202107022 133104.01 24   5546.00F   5546.00  020       0          
00002582160401961 045911     56732202108042 128664.03 36   3574.00F   3574.00 1010       0          
00002584370401961 031084     56761202108102 119599.80 30   3986.66F   3986.66 1010       0          
00002584710401961 044040     57073202108312 187332.86 36   5203.69F   5203.69  910       0          
00002584720401961 044040     57072202108312 250355.20 36   6954.31F   6954.31  910       0          
00002584990401961 032288     56803202108172  86678.89 36   2407.75F   2407.75 1010       0          
00002585840401961 045026     56953202108172 258079.61 42   6144.75F   6144.75  510       0          
00002590590401961 033996     56867202108262 162000.03 36   4500.00F   4500.00 1010       0          
00002601120401961 042236     56995202109232  20139.41 18   1118.86F   1118.86  910       0          
00002604640401961 044040     57068202110072 170028.03 36   4723.00F   4723.00  020       0          
00002608350401961 036192     57093202110152 171474.16 36   4763.17F   4763.17  810       0          
00002608360401961 036192     57274202110152 215993.93 36   5999.83F   5999.83  810       0          
00002610450401961 037380     57116202110182 202703.02 24   8445.96F   8445.96  810       0          
00002610550401961 034908     57117202110182 165599.95 24   6900.00F   6900.00  810       0          
00002612250401961 031084     57135202110212  40079.93 24   1670.00F   1670.00  810       0          
00002614650401961 035650     57175202110282 307644.88 36   8545.69F   8545.69  710       0          
00002614660401961 035650     57170202110282 250355.20 36   6954.31F   6954.31  710       0          
00002614880401961 038427     57148202110252 114095.82 48   2377.00F   2377.00  020       0          
00002621740401961 037552     57299202111182  30303.20 36    841.76F    841.76  710       0          
00002621750401961 037552     57298202111182 158660.67 36   4407.24F   4407.24  710       0          
00002624010401961 035712     57294202111182 398928.12 48   8311.00F   8311.00  710       0          
00002625450401961 038983     57335202111292  92999.91 30   3100.00F   3100.00  710       0          
00002626170401961 042002     57333202111252 181255.84 18  10069.77F  10069.77  710       0          
00002648100401961 042236     57697202202252 216697.58 36   6019.38F   6019.38  310       0          
00002649820401961 034397     57737202203142 157009.34 36   4361.37F   4361.37  310       0          
00002649830401961 034397     57736202203142 202990.71 36   5638.63F   5638.63  310       0          
00002658030401961 037026     57843202204112 265500.03 36   7375.00F   7375.00  210       0          
00002658040401961 037026     57842202204112  78839.88 36   2190.00F   2190.00  210       0          
00002662720401961 038395     57905202204222 244800.17 36   6800.00F   6800.00  210       0          
00002668180401961 031084     57981202205132 106199.97 18   5900.00F   5900.00  020       0          
