00002162191401471 032282  11700002201605022  30261.41 53    570.97F    570.97 3490       0          
00002162201401471 032282  11700002201605022 120257.00 53   2269.00F   2269.00 3490       0          
00002163421401471 027280  11700008201605102  30261.41 53    570.97F    570.97  690       0          
00002165241401471 036957  11700007201605182 157623.06 53   2974.02F   2974.02  890       0          
00002167791401471 031275  11700011201606062  78943.50 53   1489.50F   1489.50 525420180221          
00002170671401471 039857  11700012201606162  29152.00 16   1822.00F   1822.00  090       0          
00002173591401471 030228  11700013201607042 300773.94 53   5674.98F   5674.98 525420180221          
00002183241401471 038172  11700022201608252  33478.20 45    743.96F    743.96 1720       0          
00002187791401471 036957  11700017201609072 182869.68 51   3585.68F   3585.68  690       0          
00002190321401471 030186  11700024201609132 147661.08 37   3990.84F   3990.84 1990       0          
00002190781401471 028292  11700020201609132 179633.25 25   7185.33F   7185.33 1990       0          
00002190891401471 032189  11700027201609132 179032.95 51   3510.45F   3510.45 3190       0          
00002191571401471 032282  11700028201609152  62039.70 45   1378.66F   1378.66 3190       0          
00002203631401471 027426  11700033201610192 104203.80 45   2315.64F   2315.64 1590       0          
00002210541401471 028646  11700034201611102 239640.86 37   6476.78F   6476.78 3690       0          
00002224341401471 043013  11700041201701122 137892.60 60   2298.21F   2298.21 1510       0          
00002228891401471 028592  11700038201702062 240222.84 26   9239.34F   9239.34 1590       0          
00002229971401471 027468  11700039201702062 172724.50 25   6908.98F   6908.98 2390       0          
00002235491401471 031761  11700047201703032  39487.20 60    658.12F    658.12 5690       0          
00002236101401471 026076  11700049201703062  89454.00 25   3578.16F   3578.16 1290       0          
