00002499180410021 0456753180020529202009282 143649.12 48   2992.69F   2992.69 2110       00000000000
00002499190410021 0456753180020530202009282 469987.68 48   9791.41F   9791.41 2110       00000000000
00002501090410021 0422493180020555202009292  55315.20 48   1152.40F   1152.40 2010       00000000000
00002501100410021 0422493180020554202009292 342335.52 48   7131.99F   7131.99 2010       00000000000
00002502270410021 0379243180021020202010092  28578.72 48    595.39F    595.39 2010       00000000000
00002502280410021 0379243180021021202010092 362781.12 48   7557.94F   7557.94 2010       00000000000
00002503580410021 0359483180021088202010132 388992.96 48   8104.02F   8104.02 2010       00000000000
00002504390410021 0364003180021073202010132  67616.28 36   1878.23F   1878.23 2010       00000000000
00002504400410021 0364003180021074202010132 339993.36 36   9444.26F   9444.26 2010       00000000000
00002504740410021 0333003180021109202010142  43257.60 48    901.20F    901.20 2010       00000000000
00002504750410021 0333003180021108202010142 252690.72 48   5264.39F   5264.39 2010       00000000000
00002505440410021 0405983180021715202010302  85594.68 36   2377.63F   2377.63 1910       00000000000
00002505450410021 0405983180021716202010302 425401.20 36  11816.70F  11816.70 1910       00000000000
00002505930410021 0372973180021663202010282 529751.04 48  11036.48F  11036.48 1910       00000000000
00002505980410021 0356263180021627202010272  22549.92 48    469.79F    469.79 2010       00000000000
00002505990410021 0356263180021628202010272 145222.08 48   3025.46F   3025.46 2010       00000000000
00002506150410021 0383953180021598202010272 153347.52 48   3194.74F   3194.74 2010       00000000000
00002506290410021 0397703180021659202010282  53218.08 48   1108.71F   1108.71 1910       00000000000
00002506460410021 0349083180021586202010262   3882.24 36    107.84F    107.84 2010       00000000000
00002506470410021 0349083180021587202010262 197237.52 36   5478.82F   5478.82 2010       00000000000
00002506840410021 0471603180021594202010272 458418.24 36  12733.84F  12733.84 2010       00000000000
00002506930410021 0335103180021567202010232 544692.00 48  11347.75F  11347.75 1910       00000000000
00002507390410021 0445233180021581202010262 115078.08 48   2397.46F   2397.46 2010       00000000000
00002507400410021 0445233180021582202010262 251380.32 48   5237.09F   5237.09 2010       00000000000
00002508060410021 0466203180021939202011052  47760.00 48    995.00F    995.00 1910       00000000000
00002508070410021 0466203180021938202011052 343200.00 48   7150.00F   7150.00 1910       00000000000
00002508700410021 0414793180021855202011042 233559.36 48   4865.82F   4865.82 1910       00000000000
00002508710410021 0414793180021856202011042 278893.44 48   5810.28F   5810.28 1910       00000000000
00002508760410021 0415883180022096202011092  88581.24 36   2460.59F   2460.59 1910       00000000000
00002508770410021 0415883180022097202011092 288995.76 36   8027.66F   8027.66 1910       00000000000
00002509480410021 0424403180022137202011102 154416.00 48   3217.00F   3217.00 1910       00000000000
00002509690410021 0443223180022150202011102  88080.00 48   1835.00F   1835.00 1910       00000000000
00002509700410021 0443223180022151202011102 566112.00 48  11794.00F  11794.00 1910       00000000000
00002509750410021 0450263180022090202011102  82560.00 48   1720.00F   1720.00 1910       00000000000
00002509760410021 0450263180022091202011102 502464.00 48  10468.00F  10468.00 1910       00000000000
00002510440410021 0387223180022459202011172 616752.00 48  12849.00F  12849.00 1810       00000000000
00002510450410021 0378913180022515202011182 367019.04 48   7646.23F   7646.23 1810       00000000000
00002510460410021 0378913180022503202011182 189600.00 48   3950.00F   3950.00  220       00000000000
00002510600410021 0364163180022545202011192 193440.00 48   4030.00F   4030.00 1910       00000000000
00002510620410021 0398693180022386202011162  48864.00 48   1018.00F   1018.00 1910       00000000000
00002510900410021 0457453180022392202011162  68496.00 48   1427.00F   1427.00 1810       00000000000
00002510910410021 0457453180022391202011162 552960.00 48  11520.00F  11520.00 1810       00000000000
00002511030410021 0424023180022616202011202  11712.00 48    244.00F    244.00 1810       00000000000
00002511040410021 0424023180022617202011202 570096.00 48  11877.00F  11877.00 1810       00000000000
00002511110410021 0377683180022654202011242  54000.00 48   1125.00F   1125.00 1810       00000000000
00002511120410021 0377683180022655202011242 277680.00 48   5785.00F   5785.00 1810       00000000000
00002511400410021 0414073180022676202011242 249600.00 48   5200.00F   5200.00 1810       00000000000
00002511500410021 0344963180022669202011242  81936.00 48   1707.00F   1707.00 1810       00000000000
00002511510410021 0344963180022670202011242 614064.00 48  12793.00F  12793.00 1810       00000000000
00002512150410021 0413393180022717202011252  31536.00 48    657.00F    657.00 1810       00000000000
00002512160410021 0413393180022718202011252 338304.00 48   7048.00F   7048.00 1810       00000000000
00002512190410021 0377473180022693202011242 261187.20 36   7255.20F   7255.20 1810       00000000000
00002512200410021 0377473180022692202011242 150082.92 36   4168.97F   4168.97 1810       00000000000
00002512450410021 0409243180022866202012022 115200.00 48   2400.00F   2400.00 1810       00000000000
00002512460410021 0409243180022867202012022 574848.00 48  11976.00F  11976.00 1810       00000000000
00002512750410021 0439103180022835202012012 619200.00 48  12900.00F  12900.00 1810       00000000000
00002512920410021 0307643180022812202011302 507675.36 48  10576.57F  10576.57 1710       00000000000
00002512980410021 0393783180022814202011302 146640.00 30   4888.00F   4888.00 1730       00000000000
00002513050410021 0423303180023007202012042 105600.00 48   2200.00F   2200.00 1810       00000000000
00002513150410021 0310843180022808202011302 743902.56 48  15497.97F  15497.97 1710       00000000000
00002514180410021 0398703180023521202012182 406272.00 48   8464.00F   8464.00 1810       00000000000
00002514190410021 0398703180023522202012182 120480.00 48   2510.00F   2510.00 1810       00000000000
00002514810410021 0386363180023283202012132  99483.48 36   2763.43F   2763.43 1810       00000000000
00002514820410021 0386363180023284202012142 240301.08 36   6675.03F   6675.03 1810       00000000000
00002514920410021 0305153180023559202012212 133503.48 36   3708.43F   3708.43 1810       00000000000
00002515060410021 0336013180023250202012142  40800.00 48    850.00F    850.00 1810       00000000000
00002515070410021 0336013180023249202012142 400944.00 48   8353.00F   8353.00 1810       00000000000
00002516170410021 0366073180023624202012212  33360.00 48    695.00F    695.00 1810       00000000000
00002516180410021 0366073180023625202012212 646080.00 48  13460.00F  13460.00 1810       00000000000
00002516320410021 0428173180023755202012232  54336.00 48   1132.00F   1132.00 1810       00000000000
00002516330410021 0428173180023756202012232 746016.00 48  15542.00F  15542.00 1810       00000000000
00002516340410021 0379343180024269202101072  89392.08 24   3724.67F   3724.67 1710       00000000000
00002516350410021 0379343180024270202101072 116821.44 24   4867.56F   4867.56 1710       00000000000
00002516630410021 0324633180023609202012212 171144.00 24   7131.00F   7131.00 1810       00000000000
00002517260410021 0377503180023811202012282 254088.00 36   7058.00F   7058.00 1810       00000000000
00002517490410021 0420633180023913202012302  90912.00 48   1894.00F   1894.00 1710       00000000000
00002517500410021 0420633180023914202012302 366048.00 48   7626.00F   7626.00 1710       00000000000
00002518910410021 0480243180023928202012302 304870.80 24  12702.95F  12702.95 1710       00000000000
00002519210410021 0307223180024407202101122 104080.00 40   2602.00F   2602.00 1710       00000000000
00002519220410021 0307223180024408202101122 185640.00 40   4641.00F   4641.00 1710       00000000000
00002520560410021 0413413180025089202101192 259560.00 36   7210.00F   7210.00 1710       00000000000
00002520570410021 0413413180025090202101192 373428.00 36  10373.00F  10373.00 1710       00000000000
00002521160410021 0359573180024668202101132 108178.38 18   6009.91F   6009.91 1710       00000000000
00002521250410021 0423483180025189202101152  36278.16 24   1511.59F   1511.59 1710       00000000000
00002521260410021 0423483180025190202101152 126304.08 24   5262.67F   5262.67 1710       00000000000
00002521590410021 0338823180025998202101282 104596.32 48   2179.09F   2179.09 1610       00000000000
00002521600410021 0338823180025999202101282 401939.52 48   8373.74F   8373.74 1610       00000000000
00002522210410021 0439313180025234202101192  58560.00 48   1220.00F   1220.00 1710       00000000000
00002522220410021 0439313180025235202101192 176016.00 48   3667.00F   3667.00 1710       00000000000
00002522230410021 0356263180024961202101182  89424.00 48   1863.00F   1863.00 1710       00000000000
00002522240410021 0356263180024960202101182 148944.00 48   3103.00F   3103.00 1710       00000000000
00002522290410021 0446873180025215202101192  77136.00 48   1607.00F   1607.00 1710       00000000000
00002522310410021 0341073180025427202101212  95681.28 48   1993.36F   1993.36 1710       00000000000
00002522720410021 0352073180025289202101192  84973.92 48   1770.29F   1770.29 1710       00000000000
00002522730410021 0352073180025290202101192 414456.48 48   8634.51F   8634.51 1710       00000000000
00002523170410021 0379163180025793202101282 196349.28 48   4090.61F   4090.61 1710       00000000000
00002523180410021 0379163180025794202101282 227280.00 48   4735.00F   4735.00 1710       00000000000
00002523320410021 0417313180025613202101252 150729.12 48   3140.19F   3140.19 1710       00000000000
00002523330410021 0417313180025614202101252 671036.16 48  13979.92F  13979.92 1710       00000000000
00002523380410021 0378593180025657202101262 203221.92 24   8467.58F   8467.58 1710       00000000000
00002523630410021 0426523180025820202101282 288235.68 48   6004.91F   6004.91 1610       00000000000
00002523700410021 0374123180025611202101252 157282.08 48   3276.71F   3276.71 1710       00000000000
00002523810410021 0316423180025609202101252 202299.84 36   5619.44F   5619.44 1710       00000000000
00002525950410021 0420413180026005202102012  82211.04 48   1712.73F   1712.73 1610       00000000000
00002525960410021 0420413180026006202102012 426757.92 48   8890.79F   8890.79 1610       00000000000
00002526610410021 0376873180025885202101292  33430.56 48    696.47F    696.47 1610       00000000000
00002526620410021 0376873180025886202101292 358065.60 48   7459.70F   7459.70 1610       00000000000
00002527210410021 0378913180026360202102032 139200.00 48   2900.00F   2900.00 1610       00000000000
00002527610410021 0307643180027154202102092 170126.88 48   3544.31F   3544.31 1510       00000000000
00002527620410021 0307643180027155202102092 187426.08 48   3904.71F   3904.71 1510       00000000000
00002528010410021 0335703180026742202102052 203754.72 48   4244.89F   4244.89 1610       00000000000
00002528630410021 0363993180026786202102052  97729.44 48   2036.03F   2036.03 1610       00000000000
00002528640410021 0363993180026787202102062 310989.12 48   6478.94F   6478.94 1610       00000000000
00002529100410021 0346733180026705202102052 376414.08 48   7841.96F   7841.96 1610       00000000000
00002529110410021 0346733180026706202102052 150991.20 48   3145.65F   3145.65 1610       00000000000
00002529880410021 0370723180027462202102122 139822.92 36   3883.97F   3883.97 1610       00000000000
00002529890410021 0370723180027562202102122  64604.16 36   1794.56F   1794.56 1610       00000000000
00002530140410021 0402133180027815202102172 280479.84 48   5843.33F   5843.33 1610       00000000000
00002530190410021 0397703180027530202102122 120912.00 48   2519.00F   2519.00 1610       00000000000
00002530610410021 0423303180027422202102112 104736.00 48   2182.00F   2182.00 1610       00000000000
00002530630410021 0466123180027393202102112 100957.92 48   2103.29F   2103.29 1610       00000000000
00002530770410021 0370293180027566202102122 397152.00 48   8274.00F   8274.00 1610       00000000000
00002530780410021 0370293180027567202102122 262368.00 48   5466.00F   5466.00 1610       00000000000
00002530810410021 0399513180027789202102182  66240.00 48   1380.00F   1380.00 1610       00000000000
00002531530410021 0442083180027636202102172 159602.70 30   5320.09F   5320.09 1610       00000000000
00002531910410021 0398693180027693202102172 110400.00 48   2300.00F   2300.00 1610       00000000000
00002531930410021 0415463180027563202102122 137136.00 48   2857.00F   2857.00 1610       00000000000
00002531940410021 0415463180027564202102122 565200.00 48  11775.00F  11775.00 1610       00000000000
00002532200410021 0333483180027434202102122  71280.00 18   3960.00F   3960.00 1610       00000000000
00002532220410021 0387683180027808202102182 650066.40 48  13543.05F  13543.05 1610       00000000000
00002532290410021 0370323180027412202102112 316199.88 36   8783.33F   8783.33 1610       00000000000
00002532530410021 0350703180027406202102112 775387.20 48  16153.90F  16153.90 1610       00000000000
00002532590410021 0317763180027679202102172 141504.00 48   2948.00F   2948.00 1610       00000000000
00002532600410021 0317763180027680202102172 619824.00 48  12913.00F  12913.00 1610       00000000000
00002532650410021 0400763180027551202102122 184804.80 48   3850.10F   3850.10 1610       00000000000
00002533670410021 0335103180027906202102192  95232.00 48   1984.00F   1984.00 1610       00000000000
00002533680410021 0335103180027907202102192 155808.00 48   3246.00F   3246.00 1610       00000000000
00002533750410021 0364163180028042202102232  87696.00 48   1827.00F   1827.00 1610       00000000000
00002533760410021 0364163180028043202102232 363696.00 48   7577.00F   7577.00 1610       00000000000
00002533820410021 0387143180028301202102252 145486.56 48   3030.97F   3030.97 1510       00000000000
00002534030410021 0333003180028155202102242 142157.76 48   2961.62F   2961.62 1610       00000000000
00002534040410021 0333003180028156202102242 127300.32 48   2652.09F   2652.09 1610       00000000000
00002534460410021 0405373180028048202102222  95136.00 48   1982.00F   1982.00 1610       00000000000
00002534470410021 0405373180028049202102222 121728.00 48   2536.00F   2536.00 1610       00000000000
00002534720410021 0378223180028208202102212 182445.60 48   3800.95F   3800.95 1610       00000000000
00002534730410021 0378223180028209202102212 312981.12 48   6520.44F   6520.44 1610       00000000000
00002534760410021 0393783180027894202102202 159236.28 36   4423.23F   4423.23 1530       00000000000
00002535010410021 0408983180028121202102242 177372.00 36   4927.00F   4927.00 1610       00000000000
00002535020410021 0408983180028122202102242  58251.96 36   1618.11F   1618.11 1610       00000000000
00002535210410021 0387073180028244202102232  88082.40 48   1835.05F   1835.05 1510       00000000000
00002535220410021 0387073180028243202102232  93324.96 48   1944.27F   1944.27 1510       00000000000
00002535350410021 0412323180028088202102232 345888.48 48   7206.01F   7206.01 1610       00000000000
00002535360410021 0412323180028089202102232 315281.76 48   6568.37F   6568.37 1610       00000000000
00002536560410021 0356123180028099202102232 537120.00 48  11190.00F  11190.00 1610       00000000000
00002536570410021 0356123180028100202102232 339360.00 48   7070.00F   7070.00 1610       00000000000
00002536810410021 0422493180028308202102262  61647.36 48   1284.32F   1284.32 1510       00000000000
00002536860410021 0455613180028424202103022  51568.08 24   2148.67F   2148.67 1510       00000000000
00002537280410021 0377563180029075202103102  87574.56 48   1824.47F   1824.47 1210       00000000000
00002537290410021 0377563180029076202103102 390998.88 48   8145.81F   8145.81  120       00000000000
00002537440410021 0317723180028527202103032  88180.56 36   2449.46F   2449.46 1510       00000000000
00002537450410021 0317723180028528202103032 371048.04 36  10306.89F  10306.89 1410       00000000000
00002537760410021 0360543180028350202103012 266262.12 36   7396.17F   7396.17 1510       00000000000
00002537850410021 0413803180028366202103012 120717.12 48   2514.94F   2514.94 1410       00000000000
00002537860410021 0413803180028365202103012 114600.00 48   2387.50F   2387.50 1510       00000000000
00002538390410021 0370263180028409202103012 107760.00 48   2245.00F   2245.00 1510       00000000000
00002538400410021 0370263180028850202103082 120960.00 48   2520.00F   2520.00 1510       00000000000
00002538510410021 0339333180028475202103022  42691.68 36   1185.88F   1185.88 1510       00000000000
00002538520410021 0339333180028476202103022 272129.04 36   7559.14F   7559.14 1330       00000000000
00002539600410021 0373103180028826202103082 166270.56 48   3463.97F   3463.97 1510       00000000000
00002539610410021 0373103180028825202103062 649680.00 48  13535.00F  13535.00 1410       00000000000
00002539840410021 0344683180028782202103082 429168.00 48   8941.00F   8941.00 1230       00000000000
00002540580410021 0330643180028726202103052 117390.60 36   3260.85F   3260.85 1510       00000000000
00002540670410021 0345883180028870202103092 325603.20 48   6783.40F   6783.40 1410       00000000000
00002541170410021 0344583180029396202103162 204255.54 18  11347.53F  11347.53 1510       00000000000
00002542690410021 0385503180029466202103172 161282.88 48   3360.06F   3360.06 1510       00000000000
00002542760410021 0423753180029335202103152 182342.40 48   3798.80F   3798.80 1510       00000000000
00002542770410021 0423753180029336202103152 235822.56 48   4912.97F   4912.97 1510       00000000000
00002542840410021 0400773180029284202103152 266375.16 36   7399.31F   7399.31 1510       00000000000
00002542950410021 0476353180029316202103152 116488.80 48   2426.85F   2426.85 1510       00000000000
00002543260410021 0378913180029359202103162 215317.44 48   4485.78F   4485.78 1510       00000000000
00002543810410021 0394933180029542202103182  96164.64 48   2003.43F   2003.43 1510       00000000000
00002543920410021 0348563180029329202103152 414274.56 48   8630.72F   8630.72 1410       00000000000
00002544020410021 0305153180029367202103162 155539.80 36   4320.55F   4320.55 1410       00000000000
00002544200410021 0364443180029377202103152 285423.84 48   5946.33F   5946.33  220       00000000000
00002544210410021 0364443180029378202103152 279881.76 48   5830.87F   5830.87 1510       00000000000
00002544480410021 0408933180029764202103232 276002.40 48   5750.05F   5750.05  620       00000000000
00002544490410021 0408933180029765202103232 600485.76 48  12510.12F  12510.12 1510       00000000000
00002544660410021 0357123180029625202103192 773118.72 48  16106.64F  16106.64 1510       00000000000
00002544680410021 0348693180029832202103252 271568.64 48   5657.68F   5657.68 1510       00000000000
00002545730410021 0399513180029828202103252  80369.76 48   1674.37F   1674.37 1510       00000000000
00002546290410021 0307643180029749202103222 120826.56 48   2517.22F   2517.22 1410       00000000000
00002546870410021 0423203180029930202103262 105636.00 24   4401.50F   4401.50  620       00000000000
00002546990410021 0423303180029741202103232  66515.04 48   1385.73F   1385.73 1510       00000000000
00002547090410021 0346783180029686202103222 292142.52 36   8115.07F   8115.07 1510       00000000000
00002547260410021 0379243180029965202103292 189824.16 48   3954.67F   3954.67 1510       00000000000
00002547400410021 0437703180030022202103302 271568.64 48   5657.68F   5657.68 1410       00000000000
00002547570410021 0428603180030130202103312 155186.88 48   3233.06F   3233.06 1310       00000000000
00002547580410021 0428603180030129202103312  90761.28 48   1890.86F   1890.86 1410       00000000000
00002547610410021 0341593180029914202103262 121968.48 48   2541.01F   2541.01  620       00000000000
00002547800410021 0452033180030014202103302 145211.04 48   3025.23F   3025.23 1410       00000000000
00002548000410021 0438513180029752202103232 666435.36 48  13884.07F  13884.07 1410       00000000000
00002548100410021 0365313180029916202103262 167101.92 48   3481.29F   3481.29 1510       00000000000
00002548370410021 0437773180032657202104192  44624.16 48    929.67F    929.67 1410       00000000000
00002548380410021 0437773180032658202104192 277498.08 48   5781.21F   5781.21 1410       00000000000
00002548470410021 0334613180029888202103252 187330.08 48   3902.71F   3902.71 1510       00000000000
00002548480410021 0334613180029889202103252 541325.28 48  11277.61F  11277.61  620       00000000000
00002548750410021 0364013180029978202103292 179294.40 48   3735.30F   3735.30 1310       00000000000
00002548760410021 0364013180029979202103292 470248.80 48   9796.85F   9796.85 1410       00000000000
00002549110410021 0364843180029962202103292 158511.84 48   3302.33F   3302.33 1510       00000000000
00002549150410021 0354143180029969202103292 472742.88 48   9848.81F   9848.81 1410       00000000000
00002549160410021 0354143180029970202103292 189380.64 48   3945.43F   3945.43 1510       00000000000
00002549940410021 0389833180030075202103312 242673.12 36   6740.92F   6740.92 1410       00000000000
00002550120410021 0480243180030040202103312  58192.32 24   2424.68F   2424.68 1410       00000000000
00002550330410021 0360493180030052202103302 665924.04 36  18497.89F  18497.89 1410       00000000000
00002550910410021 0445233180032160202104142 191209.92 48   3983.54F   3983.54 1410       00000000000
00002550920410021 0445233180032161202104142 191486.88 48   3989.31F   3989.31 1410       00000000000
00002551120410021 0344163180032650202104212 105031.68 48   2188.16F   2188.16 1410       00000000000
00002551130410021 0344163180032651202104212 540233.28 48  11254.86F  11254.86 1410       00000000000
00002551500410021 0369833180031649202104092 257159.52 48   5357.49F   5357.49 1410       00000000000
00002551560410021 0393783180031693202104112  70437.96 36   1956.61F   1956.61 1410       00000000000
00002551670410021 0396203180031713202104112 708587.64 36  19682.99F  19682.99 1410       00000000000
00002551760410021 0462003180031708202104112 225847.20 48   4705.15F   4705.15 1410       00000000000
00002551780410021 0374123180031730202104122 126091.20 48   2626.90F   2626.90 1410       00000000000
00002551800410021 0353103180031696202104102 156572.16 48   3261.92F   3261.92 1410       00000000000
00002551850410021 0370263180032021202104142 254942.40 48   5311.30F   5311.30 1410       00000000000
00002552160410021 0358903180031879202104122 358854.72 48   7476.14F   7476.14 1310       00000000000
00002552190410021 0346733180031571202104082 219335.52 48   4569.49F   4569.49 1410       00000000000
00002552200410021 0346733180031572202104082 804292.80 48  16756.10F  16756.10  420       00000000000
00002554330410021 0402673180032380202104172 626256.00 48  13047.00F  13047.00 1410       00000000000
00002554820410021 0442923180032639202104202 187330.08 48   3902.71F   3902.71 1330       00000000000
00002555190410021 0359483180032585202104202 353313.60 48   7360.70F   7360.70  620       00000000000
00002555280410021 0405373180032488202104192 109465.44 48   2280.53F   2280.53 1410       00000000000
00002555420410021 0476353180032564202104202  44347.20 48    923.90F    923.90 1410       00000000000
00002555460410021 0335703180032457202104192  47413.08 36   1317.03F   1317.03 1410       00000000000
00002555470410021 0335703180032458202104192 256217.40 36   7117.15F   7117.15  620       00000000000
00002555500410021 0403413180032560202104202 390528.72 36  10848.02F  10848.02 1410       00000000000
00002556370410021 0377503180032411202104172 186117.66 18  10339.87F  10339.87 1310       00000000000
00002556730410021 0370723180032408202104162 107425.92 24   4476.08F   4476.08 1410       00000000000
00002556760410021 0358613180032565202104202 547255.68 48  11401.16F  11401.16  620       00000000000
00002556830410021 0399513180033009202104272  55043.04 48   1146.73F   1146.73 1310       00000000000
00002557020410021 0338413180032835202104242 171535.68 48   3573.66F   3573.66 1410       00000000000
00002557030410021 0338413180032836202104242 543818.88 48  11329.56F  11329.56 1310       00000000000
00002557640410021 0466433180032952202104262 101152.32 48   2107.34F   2107.34 1310       00000000000
00002558180410021 0426363180032947202104262 342228.96 48   7129.77F   7129.77 1210       00000000000
00002558190410021 0426363180033399202105052 466923.84 48   9727.58F   9727.58 1310       00000000000
00002558720410021 0339963180032939202104262 586907.52 48  12227.24F  12227.24 1310       00000000000
00002559330410021 0456883180033122202104302  44347.20 48    923.90F    923.90 1310       00000000000
00002559430410021 0437223180033659202105102 106694.40 48   2222.80F   2222.80 1310       00000000000
00002559930410021 0405923180033293202104302 198766.80 40   4969.17F   4969.17 1210       00000000000
00002559970410021 0376873180033218202105022 249400.80 48   5195.85F   5195.85 1210       00000000000
00002560240410021 0315883180033127202104302 120669.96 12  10055.83F  10055.83 1254201802210000000000
00002560270410021 0468343180033123202104302 264641.28 48   5513.36F   5513.36 1310       00000000000
00002560820410021 0334613180033590202105032  37973.76 48    791.12F    791.12 1310       00000000000
00002560880410021 0383353180033729202105102 138006.72 48   2875.14F   2875.14 1310       00000000000
00002560990410021 0423103180033983202105142 229681.20 24   9570.05F   9570.05 1210       00000000000
00002561160410021 0360463180033141202105022 208248.48 36   5784.68F   5784.68 1210       00000000000
00002561170410021 0360463180033142202105022 215020.44 36   5972.79F   5972.79 1310       00000000000
00002561200410021 0428193180033426202105052 290411.52 48   6050.24F   6050.24 1310       00000000000
00002561210410021 0428193180033425202105052 513539.52 48  10698.74F  10698.74 1210       00000000000
00002561260410021 0317173180033125202104302 530258.40 36  14729.40F  14729.40  420       00000000000
00002561430410021 0307643180033217202105032  55985.28 48   1166.36F   1166.36 1210       00000000000
00002561440410021 0307643180033216202105032 286829.28 48   5975.61F   5975.61 1210       00000000000
00002561450410021 0351953180033128202104302 266375.16 36   7399.31F   7399.31 1310       00000000000
00002561460410021 0351953180033129202104302 512425.08 36  14234.03F  14234.03 1210       00000000000
00002561740410021 0334553180033190202105032  37254.96 36   1034.86F   1034.86 1310       00000000000
00002561750410021 0334553180033191202105032  48090.24 36   1335.84F   1335.84 1310       00000000000
00002561940410021 0358873180033601202105082 328350.72 24  13681.28F  13681.28 1210       00000000000
00002561950410021 0358873180033602202105082  93103.44 24   3879.31F   3879.31 1310       00000000000
00002562920410021 0377473180033724202105092 172921.32 36   4803.37F   4803.37 1310       00000000000
00002563260410021 0353103180034077202105172 146319.36 48   3048.32F   3048.32 1210       00000000000
00002563270410021 0353103180034078202105172 392106.72 48   8168.89F   8168.89 1210       00000000000
00002563490410021 0391943180033782202105112 374926.56 48   7810.97F   7810.97 1210       00000000000
00002563760410021 0405203180034231202105192  56401.92 24   2350.08F   2350.08 1210       00000000000
00002564130410021 0383333180034228202105202 111295.80 36   3091.55F   3091.55 1210       00000000000
00002564460410021 0386363180034131202105172 117016.50 30   3900.55F   3900.55 1210       00000000000
00002564700410021 0354143180034006202105132 106694.40 48   2222.80F   2222.80 1210       00000000000
00002564710410021 0354143180034005202105132  93393.60 48   1945.70F   1945.70 1210       00000000000
00002564760410021 0349783180034124202105182 376034.88 48   7834.06F   7834.06 1210       00000000000
00002564900410021 0408323180034114202105172  95268.60 36   2646.35F   2646.35 1210       00000000000
00002564910410021 0408323180034115202105172  62537.40 36   1737.15F   1737.15 1210       00000000000
00002564940410021 0403313180034057202105172 568065.12 48  11834.69F  11834.69 1210       00000000000
00002565000410021 0356263180034062202105172 243858.72 48   5080.39F   5080.39 1210       00000000000
00002565040410021 0409243180034096202105172 278219.52 48   5796.24F   5796.24  320       00000000000
00002565470410021 0372933180034107202105172 214844.88 24   8951.87F   8951.87 1210       00000000000
00002565640410021 0397703180034024202105152 115007.52 48   2395.99F   2395.99 1210       00000000000
00002566050410021 0331243180034333202105262 146873.76 48   3059.87F   3059.87 1210       00000000000
00002566440410021 0333003180034323202105262  30492.00 48    635.25F    635.25 1210       00000000000
00002566450410021 0333003180034324202105262 136482.72 48   2843.39F   2843.39 1210       00000000000
00002566630410021 0469493180034467202105312 766190.88 48  15962.31F  15962.31  320       00000000000
00002566920410021 0476313180034303202105242 168072.00 48   3501.50F   3501.50 1210       00000000000
00002567140410021 0423303180034327202105262  42822.72 48    892.14F    892.14 1210       00000000000
00002567200410021 0415883180034302202105222  95282.16 24   3970.09F   3970.09 1210       00000000000
00002567660410021 0402133180034340202105262 253557.12 48   5282.44F   5282.44 1210       00000000000
00002567670410021 0402133180034341202105262 586076.64 48  12209.93F  12209.93 1210       00000000000
00002568030410021 0370293180034400202105272 180125.76 48   3752.62F   3752.62 1210       00000000000
00002568040410021 0370293180034789202106082 129693.60 48   2701.95F   2701.95 1210       00000000000
00002568610410021 0348523180034456202105282 427714.56 48   8910.72F   8910.72  352202205020000000000
00002568650410021 0423353180034490202105282  99088.32 12   8257.36F   8257.36 1210       00000000000
00002568770410021 0477093180034455202105282 598268.64 48  12463.93F  12463.93 1210       00000000000
00002569240410021 0423233180034771202106082 414274.56 48   8630.72F   8630.72 1210       00000000000
00002569420410021 0419423180034676202106052 358300.80 48   7464.60F   7464.60 1210       00000000000
00002569440410021 0383663180034680202106052  59999.88 12   4999.99F   4999.99 1210       00000000000
00002569540410021 0374663180034670202106052 126183.42 18   7010.19F   7010.19 1210       00000000000
00002569600410021 0419473180034699202106062 194811.84 48   4058.58F   4058.58 1210       00000000000
00002570060410021 0339333180034686202106072  72244.08 36   2006.78F   2006.78  320       00000000000
00002570360410021 0317723180034851202106102 180821.88 36   5022.83F   5022.83 1210       00000000000
00002570370410021 0317723180034852202106102 201815.28 36   5605.98F   5605.98 1210       00000000000
00002571170410021 0417313180034947202106142 363011.52 48   7562.74F   7562.74 1210       00000000000
00002571420410021 0423753180034927202106122  99767.04 48   2078.48F   2078.48 1210       00000000000
00002571570410021 0369373180034909202106112 106103.88 36   2947.33F   2947.33 1210       00000000000
00002571580410021 0369373180034910202106112 164794.68 36   4577.63F   4577.63 1210       00000000000
00002571640410021 0360643180034982202106142 429238.08 48   8942.46F   8942.46 1210       00000000000
00002571820410021 0431073180034900202106112 202293.60 48   4214.45F   4214.45 1210       00000000000
00002571840410021 0302503180034944202106142 371440.26 18  20635.58F  20635.58 1010       00000000000
00002572120410021 0440953180034950202106142  71502.72 48   1489.64F   1489.64 1210       00000000000
00002572150410021 0398693180034938202106142 242750.40 48   5057.30F   5057.30 1110       00000000000
00002572190410021 0471603180034941202106132 260484.48 48   5426.76F   5426.76 1210       00000000000
00002572770410021 0364843180034925202106122  64575.36 48   1345.32F   1345.32 1210       00000000000
00002572810410021 0316983180034913202106112 298989.60 24  12457.91F  12457.91 1010       00000000000
00002573070410021 0367993180035036202106162 184282.08 48   3839.21F   3839.21 1210       00000000000
00002573320410021 0417733180034915202106112 498881.16 36  13857.82F  13857.82 1110       00000000000
00002573430410021 0335103180034922202106112 170427.36 48   3550.57F   3550.57 1210       00000000000
00002573520410021 0375343180035103202106182 620035.20 40  15500.88F  15500.88 1210       00000000000
00002573640410021 0311823180035141202106222 274339.68 48   5715.41F   5715.41 1210       00000000000
00002573660410021 0389933180035167202106222 104754.72 48   2182.39F   2182.39 1210       00000000000
00002573680410021 0387383180035192202106222 162730.20 12  13560.85F  13560.85 1210       00000000000
00002573710410021 0398703180035140202106222 187053.12 48   3896.94F   3896.94 1210       00000000000
00002573960410021 0427183180035204202106242 169041.60 48   3521.70F   3521.70 1210       00000000000
00002574220410021 0409943180035168202106222 118055.52 48   2459.49F   2459.49 1210       00000000000
00002574290410021 0451133180035158202106232 116720.10 18   6484.45F   6484.45 1210       00000000000
00002574350410021 0393783180035115202106222  40003.60 40   1000.09F   1000.09 1210       00000000000
00002574530410021 0476353180035275202106282  48642.24 48   1013.38F   1013.38 1210       00000000000
00002574660410021 0387973180035313202106252 126091.20 48   2626.90F   2626.90 1110       00000000000
00002574680410021 0353103180035132202106202  60557.28 48   1261.61F   1261.61 1210       00000000000
00002574900410021 0344553180035099202106212 162730.20 12  13560.85F  13560.85 1210       00000000000
00002575070410021 0316423180035139202106222 244112.10 30   8137.07F   8137.07 1210       00000000000
00002575350410021 0417153180035594202107022 207835.68 48   4329.91F   4329.91 1110       00000000000
00002575580410021 0333483180035296202106252  82810.08 18   4600.56F   4600.56 1110       00000000000
00002575720410021 0349083180035293202106272 316939.32 36   8803.88F   8803.88 1010       00000000000
00002575760410021 0334613180035248202106232  60141.60 48   1252.95F   1252.95 1210       00000000000
00002575770410021 0334613180035249202106232  62358.24 48   1299.13F   1299.13 1210       00000000000
00002575920410021 0439313180035258202106252 361625.76 48   7533.87F   7533.87 1110       00000000000
00002575950410021 0467703180035292202106282  58201.92 48   1212.54F   1212.54  830       00000000000
00002576070410021 0372963180035256202106252 113621.76 48   2367.12F   2367.12 1210       00000000000
00002576890410021 0369833180035333202106302 135449.28 36   3762.48F   3762.48 1110       00000000000
00002577060410021 0402083180035329202106302 275724.96 48   5744.27F   5744.27 1110       00000000000
00002577340410021 0456883180035337202106302 139946.40 48   2915.55F   2915.55 1110       00000000000
00002577600410021 0390533180035727202107052 279881.76 48   5830.87F   5830.87 1110       00000000000
00002577780410021 0307643180036656202107102 239424.96 48   4988.03F   4988.03 1010       00000000000
00002577840410021 0423303180036150202107052 192318.24 48   4006.63F   4006.63 1110       00000000000
00002577880410021 0349713180035762202107052 431574.72 24  17982.28F  17982.28 1110       00000000000
00002578370410021 0370733180037746202107282 346385.28 48   7216.36F   7216.36 1110       00000000000
00002578530410021 0332053180037339202107202  66238.08 48   1379.96F   1379.96 1110       00000000000
00002578540410021 0332053180037413202107202 454454.40 48   9467.80F   9467.80 1110       00000000000
00002578820410021 0384953180036671202107112 150199.20 48   3129.15F   3129.15 1110       00000000000
00002578830410021 0384953180036672202107112 174860.64 48   3642.93F   3642.93 1110       00000000000
00002578910410021 0317173180036657202107102 156442.68 36   4345.63F   4345.63 1110       00000000000
00002579130410021 0363993180036639202107112 243131.60 40   6078.29F   6078.29 1110       00000000000
00002579420410021 0268343180037063202107152 976302.18 18  54239.01F  54239.01 1110       00000000000
00002579530410021 0429833180037484202107212 357085.80 30  11902.86F  11902.86 1110       00000000000
00002580080410021 0397703180037201202107182 159343.20 48   3319.65F   3319.65 1110       00000000000
00002580270410021 0434903180037486202107222 297892.80 48   6206.10F   6206.10 1110       00000000000
00002580390410021 0398693180037321202107202 105308.64 48   2193.93F   2193.93 1110       00000000000
00002580400410021 0398693180037481202107212  94224.96 48   1963.02F   1963.02 1110       00000000000
00002580470410021 0414793180037180202107172 177354.72 48   3694.89F   3694.89 1110       00000000000
00002580990410021 0316423180038799202107232 119021.60 40   2975.54F   2975.54 1010       00000000000
00002581160410021 0413413180037583202107252 181724.76 36   5047.91F   5047.91 1110       00000000000
00002581440410021 0466433180037866202107292 138762.72 48   2890.89F   2890.89 1010       00000000000
00002581450410021 0466433180037867202107292  55644.48 48   1159.26F   1159.26 1010       00000000000
00002581800410021 0439313180037698202107252 159984.80 40   3999.62F   3999.62 1110       00000000000
00002582360410021 0352893180037881202107302 529271.52 48  11026.49F  11026.49  120       00000000000
00002582440410021 0339333180037818202107292  37254.96 36   1034.86F   1034.86 1110       00000000000
00002582500410021 0389213180037884202107292 153577.44 48   3199.53F   3199.53 1010       00000000000
00002582510410021 0389213180037885202107292 337777.92 48   7037.04F   7037.04 1010       00000000000
00002582540410021 0348523180037895202107302 115563.84 48   2407.58F   2407.58  952202205020000000000
00002582910410021 0316733180037844202107292 211264.08 24   8802.67F   8802.67 1010       00000000000
00002582930410021 0434743180037997202108032 143350.20 36   3981.95F   3981.95 1010       00000000000
00002582940410021 0434743180037998202108032 174899.52 36   4858.32F   4858.32 1010       00000000000
00002583460410021 0409343180038517202108102 302049.60 48   6292.70F   6292.70 1010       00000000000
00002583530410021 0384893180038450202108102  97530.48 36   2709.18F   2709.18 1010       00000000000
00002583650410021 0401163180038385202108082 205064.64 48   4272.18F   4272.18 1010       00000000000
00002583660410021 0401163180038386202108082 466923.84 48   9727.58F   9727.58 1010       00000000000
00002583800410021 0405373180038342202108082 143547.36 48   2990.57F   2990.57 1010       00000000000
00002583850410021 0385893180038403202108092 311747.40 36   8659.65F   8659.65 1010       00000000000
00002584030410021 0348953180038399202108092 122049.00 12  10170.75F  10170.75 1010       00000000000
00002584090410021 0364163180038411202108092 301751.52 48   6286.49F   6286.49 1010       00000000000
00002584580410021 0428383180038600202108112 238771.68 24   9948.82F   9948.82 1010       00000000000
00002584650410021 0358873180038330202108062 111391.44 24   4641.31F   4641.31 1010       00000000000
00002585120410021 0393783180038889202108172  72057.12 48   1501.19F   1501.19  930       00000000000
00002585560410021 0333003180038723202108132 341367.84 48   7111.83F   7111.83 1010       00000000000
00002586420410021 0353183180038766202108132 598268.64 48  12463.93F  12463.93 1010       00000000000
00002586540410021 0371723180039304202108252 148264.32 24   6177.68F   6177.68 1010       00000000000
00002587180410021 0303223180038945202108182 460163.04 48   9586.73F   9586.73  930       00000000000
00002587190410021 0303223180038946202108182 494305.92 48  10298.04F  10298.04  930       00000000000
00002587200410021 0356263180038790202108132  32903.04 48    685.48F    685.48 1010       00000000000
00002587240410021 0394933180038923202108182 121696.32 48   2535.34F   2535.34 1010       00000000000
00002587510410021 0351123180038783202108132 808136.64 36  22448.24F  22448.24 1010       00000000000
00002587640410021 0460683180039139202108232 484519.68 48  10094.16F  10094.16 1010       00000000000
00002587690410021 0435993180038786202108142  93089.52 12   7757.46F   7757.46 1010       00000000000
00002587820410021 0428933180038785202108152 211264.08 24   8802.67F   8802.67 1010       00000000000
00002587830410021 0318733180038806202108162 256646.40 24  10693.60F  10693.60 1010       00000000000
00002587950410021 0373103180039216202108242 297150.72 48   6190.64F   6190.64 1010       00000000000
00002588110410021 0387743180039108202108202 344478.96 36   9568.86F   9568.86 1010       00000000000
00002588500410021 0383953180039104202108202 507103.20 48  10564.65F  10564.65 1010       00000000000
00002588990410021 0326663180039106202108212 162244.80 12  13520.40F  13520.40 1010       00000000000
00002589100410021 0465193180039107202108202 476227.68 48   9921.41F   9921.41 1010       00000000000
00002589530410021 0387073180039337202108262 274052.64 48   5709.43F   5709.43 1010       00000000000
00002590310410021 0450843180039364202108262 686987.04 48  14312.23F  14312.23 1010       00000000000
00002590320410021 0450843180039365202108262 271602.24 48   5658.38F   5658.38 1010       00000000000
00002590390410021 0388853180039382202108272 210606.72 48   4387.64F   4387.64 1010       00000000000
00002590650410021 0418463180039313202108262 409416.48 48   8529.51F   8529.51 1010       00000000000
00002590660410021 0418463180039314202108262 670556.64 48  13969.93F  13969.93  220       00000000000
00002590900410021 0350783180039342202108262 162730.20 12  13560.85F  13560.85 1010       00000000000
00002591180410021 0359163180039350202108262 864882.24 48  18018.38F  18018.38 1010       00000000000
00002591390410021 0360863180039417202108302 210606.72 48   4387.64F   4387.64 1010       00000000000
00002591780410021 0443223180039409202108282 262268.40 30   8742.28F   8742.28 1010       00000000000
00002592090410021 0326373180039402202108282 471140.16 48   9815.42F   9815.42 1010       00000000000
00002592140410021 0399673180039416202108302 381651.36 48   7951.07F   7951.07 1010       00000000000
00002592610410021 0366023180039759202109032 445448.64 48   9280.18F   9280.18  910       00000000000
00002592620410021 0366023180039760202109032 301356.96 48   6278.27F   6278.27  910       00000000000
00002592630410021 0364123180039632202109012 457224.96 48   9525.52F   9525.52  910       00000000000
00002593110410021 0356123180039631202109012 273147.12 36   7587.42F   7587.42  910       00000000000
00002593210410021 0338413180039721202109032 202823.04 48   4225.48F   4225.48  910       00000000000
00002593260410021 0453043180039664202109022 365920.02 18  20328.89F  20328.89  910       00000000000
00002593480410021 0348523180039935202109032 141689.76 48   2951.87F   2951.87  852202205020000000000
00002594790410021 0336013180040345202109082 106694.40 48   2222.80F   2222.80  910       00000000000
00002595760410021 0466123180040346202109082 192474.36 36   5346.51F   5346.51  910       00000000000
00002595800410021 0310603180040362202109092 193980.48 48   4041.26F   4041.26  910       00000000000
00002595820410021 0318943180040388202109092 352153.80 36   9782.05F   9782.05  910       00000000000
00002595960410021 0450753180040537202109112 106342.08 48   2215.46F   2215.46  910       00000000000
00002596090410021 0409243180040706202109152 123320.16 48   2569.17F   2569.17  910       00000000000
00002596320410021 0431683180040532202109102 361292.16 48   7526.92F   7526.92  910       00000000000
00002597670410021 0378323180040986202109172 164887.68 48   3435.16F   3435.16  910       00000000000
00002597950410021 0420633180040930202109162 166930.08 48   3477.71F   3477.71  910       00000000000
00002597960410021 0420633180040931202109162  64319.52 48   1339.99F   1339.99  910       00000000000
00002598050410021 0330063180040588202109132 211264.08 24   8802.67F   8802.67  910       00000000000
00002598130410021 0387973180040936202109172 137175.36 48   2857.82F   2857.82  910       00000000000
00002598190410021 0356263180040850202109152 182896.80 48   3810.35F   3810.35  910       00000000000
00002598290410021 0409343180040860202109172 241916.64 48   5039.93F   5039.93  910       00000000000
00002598370410021 0382313180041001202109202 218503.20 48   4552.15F   4552.15  910       00000000000
00002598500410021 0318003180041124202109242 256380.00 24  10682.50F  10682.50  320       00000000000
00002598820410021 0438853180040890202109172  61248.48 48   1276.01F   1276.01  830       00000000000
00002598830410021 0438853180041259202109222 132750.72 48   2765.64F   2765.64  830       00000000000
00002598870410021 0430853180041164202109202 164885.28 48   3435.11F   3435.11  910       00000000000
00002598970410021 0378133180041010202109202 316025.76 48   6583.87F   6583.87  910       00000000000
00002599000410021 0403313180041315202109242 223076.16 48   4647.42F   4647.42  910       00000000000
00002599210410021 0445233180040953202109172 144595.68 48   3012.41F   3012.41  910       00000000000
00002599390410021 0449563180040956202109172 159032.64 24   6626.36F   6626.36  910       00000000000
00002599570410021 0434623180041254202109222 208032.12 36   5778.67F   5778.67  910       00000000000
00002600080410021 03478431800412432021092321450626.72 48  30221.39F  30221.39  910       00000000000
00002600120410021 0418323180041288202109232 226328.64 48   4715.18F   4715.18  910       00000000000
00002600370410021 0360463180041279202109232 352647.84 48   7346.83F   7346.83  910       00000000000
00002600860410021 0372963180041212202109232 114313.92 48   2381.54F   2381.54  910       00000000000
00002600900410021 0413393180041257202109232 130759.20 36   3632.20F   3632.20  910       00000000000
00002600920410021 0335103180041242202109232 148259.52 48   3088.74F   3088.74  910       00000000000
00002600960410021 0347633180041340202109232 169207.92 12  14100.66F  14100.66  910       00000000000
00002601020410021 0456763180041386202109242  90803.52 48   1891.74F   1891.74  810       00000000000
00002601740410021 0331303180041335202109252 378647.40 30  12621.58F  12621.58  910       00000000000
00002602260410021 0456133180041471202109292 240253.20 40   6006.33F   6006.33  810       00000000000
00002602610410021 0431003180041529202109302 343131.84 48   7148.58F   7148.58  810       00000000000
00002602630410021 0356253180041469202109292 385179.36 48   8024.57F   8024.57  810       00000000000
00002603050410021 0367993180041510202109302 279604.32 48   5825.09F   5825.09  810       00000000000
00002603070410021 0393783180041553202109302 161574.72 48   3366.14F   3366.14  730       00000000000
00002603300410021 0402133180041506202109302 340843.20 48   7100.90F   7100.90  810       00000000000
00002603360410021 0340973180041511202109302 234160.32 48   4878.34F   4878.34  810       00000000000
00002603370410021 0340973180041500202109302 792515.52 48  16510.74F  16510.74  810       00000000000
00002603380410021 0339333180041657202109302  83822.40 36   2328.40F   2328.40  810       00000000000
00002604280410021 0402783180041517202109302 130323.12 12  10860.26F  10860.26  810       00000000000
00002604400410021 0449883180042761202110132 280944.00 36   7804.00F   7804.00  810       00000000000
00002605410410021 0354143180042417202110062 511259.52 48  10651.24F  10651.24  810       00000000000
00002605500410021 0370723180042550202110072 216713.52 36   6019.82F   6019.82  810       00000000000
00002605670410021 0377683180042501202110072 140866.92 36   3912.97F   3912.97  810       00000000000
00002605710410021 0473423180042337202110062 193980.48 48   4041.26F   4041.26  810       00000000000
00002605720410021 0434743180042436202110072  96768.00 36   2688.00F   2688.00  810       00000000000
00002606320410021 0413413180042864202110132 342665.76 48   7138.87F   7138.87  810       00000000000
00002606390410021 0317763180042490202110072 320325.60 48   6673.45F   6673.45  810       00000000000
00002606410410021 0379493180043015202110142 968229.60 48  20171.45F  20171.45  810       00000000000
00002606530410021 0400763180042495202110072 475163.52 48   9899.24F   9899.24  810       00000000000
00002606630410021 0413693180042420202110072 131695.68 48   2743.66F   2743.66  810       00000000000
00002606710410021 0338413180042530202110072 241699.44 24  10070.81F  10070.81  810       00000000000
00002606780410021 0420413180042393202110062 161914.08 48   3373.21F   3373.21  810       00000000000
00002607120410021 0423303180042626202110122 144102.72 48   3002.14F   3002.14  810       00000000000
00002607200410021 0464893180042945202110142 939727.08 36  26103.53F  26103.53  810       00000000000
00002607330410021 0434283180042662202110082 243403.08 12  20283.59F  20283.59  810       00000000000
00002607340410021 0370863180042576202110082 277512.00 48   5781.50F   5781.50  810       00000000000
00002607560410021 0333003180042555202110082 278739.84 48   5807.08F   5807.08  810       00000000000
00002607670410021 0470563180043041202110142 167743.68 48   3494.66F   3494.66  810       00000000000
00002607900410021 0341073180042979202110142 407347.20 48   8486.40F   8486.40  810       00000000000
00002607960410021 0307903180042907202110142 300663.84 48   6263.83F   6263.83  810       00000000000
00002608060410021 0442783180043013202110142 238217.40 18  13234.30F  13234.30  810       00000000000
00002608330410021 0397913180043110202110142 145109.16 36   4030.81F   4030.81  810       00000000000
00002608840410021 0327173180042937202110142 381023.04 48   7937.98F   7937.98  810       00000000000
00002608960410021 0317723180043023202110152 297825.84 36   8272.94F   8272.94  810       00000000000
00002609340410021 0348523180042898202110142 255749.76 48   5328.12F   5328.12  752202205020000000000
00002609380410021 0377193180042947202110142 568666.56 24  23694.44F  23694.44  810       00000000000
00002609600410021 0365313180043109202110162 234411.84 36   6511.44F   6511.44  810       00000000000
00002609970410021 0378323180043184202110182 230844.00 48   4809.25F   4809.25  810       00000000000
00002610170410021 0409243180043215202110192 451683.36 48   9410.07F   9410.07  810       00000000000
00002610190410021 0439313180043163202110162 202293.60 48   4214.45F   4214.45  810       00000000000
00002610220410021 0336013180043201202110162 203679.36 48   4243.32F   4243.32  810       00000000000
00002610270410021 0423353180043205202110182  71940.96 12   5995.08F   5995.08  810       00000000000
00002610310410021 0413803180043183202110182 357136.92 36   9920.47F   9920.47  810       00000000000
00002610370410021 0379243180043187202110182 324228.48 48   6754.76F   6754.76  810       00000000000
00002610430410021 0397703180043121202110162 151250.76 36   4201.41F   4201.41  810       00000000000
00002610670410021 0339963180043154202110182 367167.84 48   7649.33F   7649.33  810       00000000000
00002610760410021 0426563180043106202110152 222969.12 48   4645.19F   4645.19  810       00000000000
00002610770410021 0364843180043268202110152 286809.12 48   5975.19F   5975.19  810       00000000000
00002610790410021 0346153180043290202110202 344761.20 12  28730.10F  28730.10  810       00000000000
00002611060410021 0423233180043446202110212 280493.76 48   5843.62F   5843.62  810       00000000000
00002611650410021 0454303180043388202110212 194660.64 48   4055.43F   4055.43  810       00000000000
00002611690410021 0410573180043583202110252 197423.60 40   4935.59F   4935.59  710       00000000000
00002611810410021 0451273180043386202110212 421203.36 48   8775.07F   8775.07  810       00000000000
00002611970410021 0378223180043406202110212 177622.08 48   3700.46F   3700.46  810       00000000000
00002612070410021 0356263180043348202110212 328096.80 48   6835.35F   6835.35  810       00000000000
00002612190410021 0469833180043361202110212 232210.80 24   9675.45F   9675.45  810       00000000000
00002612310410021 0481973180043413202110212 647865.36 36  17996.26F  17996.26  810       00000000000
00002612360410021 0369813180043438202110212 467279.04 24  19469.96F  19469.96  810       00000000000
00002612430410021 0475953180043421202110212 112413.60 48   2341.95F   2341.95  810       00000000000
00002612470410021 0349403180043544202110222 372673.20 40   9316.83F   9316.83  810       00000000000
00002612500410021 0412813180043378202110212 171670.08 48   3576.46F   3576.46  810       00000000000
00002612540410021 0387143180043365202110212 156894.12 36   4358.17F   4358.17  810       00000000000
00002612560410021 03208131800434412021102121129181.76 48  23524.62F  23524.62  810       00000000000
00002612640410021 0347933180043382202110212 235545.60 48   4907.20F   4907.20  810       00000000000
00002612660410021 0398703180043387202110212 311452.80 48   6488.60F   6488.60  810       00000000000
00002613040410021 0467503180043390202110212 282652.32 48   5888.59F   5888.59  810       00000000000
00002613170410021 0417153180043443202110212 332457.12 48   6926.19F   6926.19  810       00000000000
00002613180410021 0417153180043444202110212 220083.36 48   4585.07F   4585.07  810       00000000000
00002613230410021 0437093180043454202110212 360755.28 24  15031.47F  15031.47  810       00000000000
00002613250410021 04192831800434672021102021287858.24 48  26830.38F  26830.38  810       00000000000
00002613460410021 0387973180043463202110212 218120.64 48   4544.18F   4544.18  810       00000000000
00002613470410021 0387973180043464202110212 352916.64 48   7352.43F   7352.43  810       00000000000
00002613630410021 0420633180043366202110212 449946.24 48   9373.88F   9373.88  810       00000000000
00002613820410021 0424303180043652202110262 553496.64 48  11531.18F  11531.18  710       00000000000
00002614190410021 0440513180043545202110252 172310.40 48   3589.80F   3589.80  810       00000000000
00002614230410021 0353183180043533202110222 106363.68 48   2215.91F   2215.91  810       00000000000
00002614520410021 0345823180043580202110252 295121.76 48   6148.37F   6148.37  710       00000000000
00002614560410021 0318403180043592202110252 283905.00 18  15772.50F  15772.50  710       00000000000
00002614840410021 0372963180043760202110292 187368.12 36   5204.67F   5204.67  710       00000000000
00002614920410021 0405923180043581202110252 225743.04 36   6270.64F   6270.64  710       00000000000
00002615050410021 0343353180043566202110252 189780.48 24   7907.52F   7907.52  810       00000000000
00002615100410021 0352093180043696202110272 266375.16 36   7399.31F   7399.31  710       00000000000
00002615160410021 0326593180043704202110282 214844.88 24   8951.87F   8951.87  710       00000000000
00002615190410021 0441673180043799202110282 281267.04 48   5859.73F   5859.73  710       00000000000
00002615280410021 0320773180043771202110292 504332.16 48  10506.92F  10506.92  710       00000000000
00002615290410021 0320773180043770202110292 313133.28 48   6523.61F   6523.61  710       00000000000
00002616850410021 0438123180043765202110292 142542.72 48   2969.64F   2969.64  710       00000000000
00002616890410021 0334563180043827202110292 429682.32 24  17903.43F  17903.43  710       00000000000
00002617060410021 0335103180043772202110292 243858.72 48   5080.39F   5080.39  710       00000000000
00002617850410021 0349523180044230202111032 479811.12 24  19992.13F  19992.13  710       00000000000
00002617890410021 0393153180043769202110292 216828.96 48   4517.27F   4517.27  710       00000000000
00002618000410021 0360143180044178202111022 186117.66 18  10339.87F  10339.87  710       00000000000
00002618380410021 0390693180044634202111042 121905.36 36   3386.26F   3386.26  710       00000000000
00002618410410021 0376233180044402202111042 789555.30 30  26318.51F  26318.51  710       00000000000
00002618500410021 0394453180044521202111042 144116.88 24   6004.87F   6004.87  710       00000000000
00002618650410021 0371403180044466202111042 490476.96 48  10218.27F  10218.27  710       00000000000
00002619420410021 0322983180044830202111052 412563.90 30  13752.13F  13752.13  710       00000000000
00002619990410021 0373843180044889202111082 246890.88 48   5143.56F   5143.56  710       00000000000
00002620140410021 0317763180044888202111082 616906.56 48  12852.22F  12852.22  710       00000000000
00002620200410021 0332053180045260202111122 193751.04 48   4036.48F   4036.48  710       00000000000
00002620250410021 0338413180045252202111122 533720.88 36  14825.58F  14825.58  710       00000000000
00002620380410021 0339333180045226202111112  83822.40 36   2328.40F   2328.40  710       00000000000
00002621090410021 0383353180046017202111252 365432.64 48   7613.18F   7613.18  610       00000000000
00002621100410021 0383353180046018202111252 692196.48 48  14420.76F  14420.76  610       00000000000
00002621180410021 0351013180045228202111112 530483.76 36  14735.66F  14735.66  710       00000000000
00002621830410021 0382313180045208202111112 201452.64 48   4196.93F   4196.93  710       00000000000
00002621840410021 0382313180045209202111112  64237.92 48   1338.29F   1338.29  710       00000000000
00002622130410021 0396673180045381202111122 647865.36 36  17996.26F  17996.26  710       00000000000
00002622350410021 0365383180045362202111122 375453.72 36  10429.27F  10429.27  710       00000000000
00002622500410021 0415883180045616202111192 278754.40 40   6968.86F   6968.86  610       00000000000
00002622590410021 0466203180045546202111172 501561.12 48  10449.19F  10449.19  610       00000000000
00002622630410021 0400713180045541202111172 168370.32 24   7015.43F   7015.43  610       00000000000
00002622810410021 0434623180045548202111182 164559.69 47   3501.27F   3501.27  610       00000000000
00002623160410021 0405663180045560202111182 167908.20 30   5596.94F   5596.94  610       00000000000
00002623200410021 0371733180045562202111182 216338.04 36   6009.39F   6009.39  610       00000000000
00002623260410021 0399673180045675202111192 155256.48 48   3234.51F   3234.51  610       00000000000
00002623650410021 0335683180045569202111182 212075.10 18  11781.95F  11781.95  610       00000000000
00002623810410021 0360863180045625202111192 207140.64 48   4315.43F   4315.43  610       00000000000
00002623820410021 0360863180045626202111192 284798.40 48   5933.30F   5933.30  610       00000000000
00002624310410021 0373103180045818202111232 213831.36 48   4454.82F   4454.82  610       00000000000
00002624530410021 0394933180045714202111192 124236.00 48   2588.25F   2588.25  610       00000000000
00002624610410021 0327333180045734202111232  93061.98 18   5170.11F   5170.11  610       00000000000
00002625080410021 0441813180045885202111242 113774.88 12   9481.24F   9481.24  610       00000000000
00002625090410021 0392063180045733202111232 724626.24 48  15096.38F  15096.38  610       00000000000
00002625560410021 0378613180046318202112012 722925.12 48  15060.94F  15060.94  610       00000000000
00002625570410021 0378613180046348202112012 475506.24 48   9906.38F   9906.38  610       00000000000
00002625650410021 0405593180046494202112062 149167.20 48   3107.65F   3107.65  610       00000000000
00002625800410021 0397583180045886202111252 331144.80 48   6898.85F   6898.85  610       00000000000
00002625880410021 0421113180046113202111252 912456.00 48  19009.50F  19009.50  610       00000000000
00002625890410021 0421113180046114202111292 297215.04 48   6191.98F   6191.98  610       00000000000
00002625990410021 0327083180045940202111252 325996.80 48   6791.60F   6791.60  610       00000000000
00002626000410021 0327083180045946202111252 665707.20 48  13868.90F  13868.90  610       00000000000
00002626010410021 0364003180045881202111242 143053.20 24   5960.55F   5960.55  610       00000000000
00002626050410021 0396733180045892202111242 235526.88 24   9813.62F   9813.62  610       00000000000
00002626090410021 03752031800460992021112921036363.20 48  21590.90F  21590.90  610       00000000000
00002626110410021 0358873180045970202111252 112796.88 24   4699.87F   4699.87  610       00000000000
00002626190410021 0372493180045888202111242 156572.16 48   3261.92F   3261.92  610       00000000000
00002626220410021 0404733180045955202111252 286809.12 48   5975.19F   5975.19  610       00000000000
00002626450410021 0460843180045958202111252 221550.72 24   9231.28F   9231.28  610       00000000000
00002627130410021 0415833180047389202111292 185667.84 48   3868.08F   3868.08  610       00000000000
00002627200410021 0403313180046166202112012 206951.52 48   4311.49F   4311.49  610       00000000000
00002627210410021 0403313180046165202112012 304549.92 48   6344.79F   6344.79  610       00000000000
00002627260410021 0427783180046106202111292 439679.88 36  12213.33F  12213.33  610       00000000000
00002627270410021 0427783180046660202112072 457675.20 36  12713.20F  12713.20  610       00000000000
00002627280410021 0364683180046164202111292 165489.72 12  13790.81F  13790.81  610       00000000000
00002627810410021 0424343180047071202112142 558600.00 40  13965.00F  13965.00  610       00000000000
00002627970410021 0454223180046269202112022  81367.92 12   6780.66F   6780.66  610       00000000000
00002628090410021 0416573180046695202112062 107425.92 24   4476.08F   4476.08  610       00000000000
00002628160410021 0388853180046425202112032 234160.32 48   4878.34F   4878.34  610       00000000000
00002628290410021 0369833180046403202112042 164730.24 36   4575.84F   4575.84  610       00000000000
00002628650410021 0307903180046686202112092  74923.92 18   4162.44F   4162.44  610       00000000000
00002628880410021 0437223180047237202112202 209701.44 48   4368.78F   4368.78  610       00000000000
00002628890410021 0437223180047238202112202 186597.12 48   3887.44F   3887.44  610       00000000000
00002629040410021 0328363180046682202112092 231677.76 48   4826.62F   4826.62  610       00000000000
00002629080410021 0443223180047307202112212 149367.84 48   3111.83F   3111.83  610       00000000000
00002629260410021 0456883180046866202112102  38150.88 48    794.81F    794.81  610       00000000000
00002629300410021 0303773180046874202112102 139389.60 12  11615.80F  11615.80  610       00000000000
00002629400410021 0370293180046882202112112 166270.56 48   3463.97F   3463.97  610       00000000000
00002629740410021 0379243180047092202112152 118272.00 48   2464.00F   2464.00  610       00000000000
00002629750410021 0379243180047093202112162  64925.28 48   1352.61F   1352.61  610       00000000000
00002630230410021 0431073180047170202112162 263748.40 40   6593.71F   6593.71  610       00000000000
00002630610410021 0393173180047111202112162 162109.68 12  13509.14F  13509.14  610       00000000000
00002630680410021 0431683180047077202112152 173815.20 40   4345.38F   4345.38  610       00000000000
00002630810410021 0362563180047119202112162 498790.08 48  10391.46F  10391.46  610       00000000000
00002630850410021 0398463180047129202112162 339784.80 48   7078.85F   7078.85  610       00000000000
00002631760410021 04059431800471752021121721270453.92 48  26467.79F  26467.79  610       00000000000
00002632070410021 0473653180047233202112202 799107.12 36  22197.42F  22197.42  610       00000000000
00002632310410021 0434743180047393202112222 191709.12 48   3993.94F   3993.94  610       00000000000
00002632440410021 0402673180047423202112232 266375.16 36   7399.31F   7399.31  610       00000000000
00002632480410021 0376223180047567202112232 681675.84 48  14201.58F  14201.58  610       00000000000
00002633360410021 0348853180047468202112272 671849.28 48  13996.86F  13996.86  610       00000000000
00002633600410021 0364443180048567202201102 177354.72 48   3694.89F   3694.89  510       00000000000
00002633620410021 0379343180047636202112302 120071.52 48   2501.49F   2501.49  510       00000000000
00002633630410021 0379343180047639202112302 191786.40 48   3995.55F   3995.55  510       00000000000
00002633710410021 0333483180047630202112292 272603.52 36   7572.32F   7572.32  510       00000000000
00002633870410021 0371723180047665202112292 189141.48 36   5253.93F   5253.93  510       00000000000
00002634190410021 0376533180047733202201032 213054.48 24   8877.27F   8877.27  510       00000000000
00002634210410021 0385483180047672202112302 720469.92 48  15009.79F  15009.79  510       00000000000
00002634460410021 0372973180048400202201062 110195.04 48   2295.73F   2295.73  510       00000000000
00002634590410021 0390383180048313202201062 208342.98 18  11574.61F  11574.61  510       00000000000
00002635260410021 0389443180048740202201122 211176.48 48   4399.51F   4399.51  510       00000000000
00002635510410021 0357013180048745202201122 397300.68 36  11036.13F  11036.13  510       00000000000
00002635530410021 0465223180048977202201172 640036.80 48  13334.10F  13334.10  510       00000000000
00002635540410021 0465223180048976202201172 458807.04 48   9558.48F   9558.48  510       00000000000
00002635610410021 0472103180048912202201132 256234.68 18  14235.26F  14235.26  510       00000000000
00002635700410021 0427433180048755202201132 203466.96 18  11303.72F  11303.72  510       00000000000
00002636080410021 0448883180048818202201132  82746.84 12   6895.57F   6895.57  510       00000000000
00002636120410021 0345833180048734202201122 372709.92 48   7764.79F   7764.79  510       00000000000
00002636660410021 0311683180048926202201152 277567.68 48   5782.66F   5782.66  510       00000000000
00002636750410021 0383953180048918202201152 104811.24 12   8734.27F   8734.27  510       00000000000
00002637590410021 0408323180049206202201202 176654.34 18   9814.13F   9814.13  510       00000000000
00002637670410021 0374013180049306202201202 163454.40 48   3405.30F   3405.30  510       00000000000
00002637680410021 0374013180049297202201202 112394.88 48   2341.56F   2341.56  510       00000000000
00002637790410021 0431133180049363202201242 684083.04 48  14251.73F  14251.73  510       00000000000
00002637890410021 0401993180049240202201202 143182.80 24   5965.95F   5965.95  510       00000000000
00002637900410021 0401993180049252202201202 306477.12 24  12769.88F  12769.88  510       00000000000
00002638140410021 0477063180049310202201212  68956.68 12   5746.39F   5746.39  510       00000000000
00002638560410021 0377873180049321202201212  93061.98 18   5170.11F   5170.11  510       00000000000
00002638670410021 0394683180049518202201272 276241.92 48   5755.04F   5755.04  510       00000000000
00002639100410021 0481363180049594202201312 302930.40 24  12622.10F  12622.10  410       00000000000
00002639210410021 0360143180050275202202042 196004.16 48   4083.42F   4083.42  410       00000000000
00002639250410021 0382803180049628202201312 290079.36 24  12086.64F  12086.64  410       00000000000
00002640040410021 0428603180050141202202042 247738.08 48   5161.21F   5161.21  410       00000000000
00002640050410021 0428603180050071202202032 246470.40 48   5134.80F   5134.80  410       00000000000
00002640080410021 0440333180049899202202032  86134.08 48   1794.46F   1794.46  410       00000000000
00002640370410021 0316423180049850202202032 375091.20 30  12503.04F  12503.04  410       00000000000
00002640410410021 0476653180050266202202022 216643.68 24   9026.82F   9026.82  410       00000000000
00002640420410021 0456883180049814202202022 187179.84 48   3899.58F   3899.58  410       00000000000
00002640500410021 0318013180049892202202032 675352.44 36  18759.79F  18759.79  410       00000000000
00002640520410021 0356263180051571202202242  68720.16 48   1431.67F   1431.67  410       00000000000
00002640530410021 0356263180051572202202242 170448.48 48   3551.01F   3551.01  410       00000000000
00002640560410021 0367753180050179202202052 698863.20 48  14559.65F  14559.65  410       00000000000
00002640660410021 0354143180050550202202082 117952.80 48   2457.35F   2457.35  410       00000000000
00002640780410021 0402673180050438202202072 244356.00 30   8145.20F   8145.20  410       00000000000
00002640920410021 0409943180050447202202082 292302.72 48   6089.64F   6089.64  410       00000000000
00002640930410021 0409943180050448202202082  51150.72 48   1065.64F   1065.64  410       00000000000
00002641210410021 0366043180050625202202102 493463.52 48  10280.49F  10280.49  210       00000000000
00002641330410021 0480263180050545202202092 288770.40 30   9625.68F   9625.68  410       00000000000
00002641490410021 0398303180050675202202102 352605.60 48   7345.95F   7345.95  410       00000000000
00002641890410021 0443223180050616202202102 166906.56 48   3477.22F   3477.22  410       00000000000
00002641900410021 0443223180050615202202102  76013.28 48   1583.61F   1583.61  410       00000000000
00002642350410021 0451993180050655202202102 371065.80 30  12368.86F  12368.86  410       00000000000
00002642410410021 0411993180050571202202092 743265.12 48  15484.69F  15484.69  410       00000000000
00002642540410021 0462023180050785202202102 147506.40 30   4916.88F   4916.88  410       00000000000
00002642770410021 0415883180050821202202142 116638.56 48   2429.97F   2429.97  410       00000000000
00002642780410021 0415883180050747202202112 177197.28 48   3691.61F   3691.61  410       00000000000
00002642830410021 0460323180050736202202102 561643.20 48  11700.90F  11700.90  410       00000000000
00002643050410021 0388853180051056202202152  51844.32 48   1080.09F   1080.09  410       00000000000
00002643120410021 0387553180050915202202142 123728.64 48   2577.68F   2577.68  410       00000000000
00002643240410021 0378223180051039202202142 404022.72 48   8417.14F   8417.14  410       00000000000
00002643340410021 0398353180050826202202142 378722.34 18  21040.13F  21040.13  410       00000000000
00002643820410021 0365313180050795202202112 183327.48 36   5092.43F   5092.43  410       00000000000
00002643880410021 0460843180050849202202142 826990.56 36  22971.96F  22971.96  410       00000000000
00002643910410021 0404823180051180202202172 403525.44 36  11209.04F  11209.04  410       00000000000
00002644320410021 0356603180051457202202222  70790.40 48   1474.80F   1474.80  410       00000000000
00002644390410021 0423983180051257202202182 116161.32 12   9680.11F   9680.11  410       00000000000
00002644440410021 0391893180051251202202172 456411.36 48   9508.57F   9508.57  410       00000000000
00002644550410021 0366503180051221202202172  84673.68 12   7056.14F   7056.14  410       00000000000
00002644930410021 0441263180051499202202232 198718.08 24   8279.92F   8279.92  410       00000000000
00002645010410021 0404733180051120202202162 423297.12 48   8818.69F   8818.69  410       00000000000
00002645050410021 0351123180051309202202162 158932.20 30   5297.74F   5297.74  410       00000000000
00002645100410021 0476613180051503202202232 101765.10 30   3392.17F   3392.17  410       00000000000
00002645110410021 0476613180051504202202232 302298.60 30  10076.62F  10076.62  410       00000000000
00002645120410021 0417153180051119202202162  60384.96 48   1258.02F   1258.02  410       00000000000
00002645130410021 0417153180051236202202172 452589.12 48   9428.94F   9428.94  410       00000000000
00002645310410021 0329303180051369202202192 132954.84 12  11079.57F  11079.57  410       00000000000
00002645470410021 0360833180051437202202212 402615.36 48   8387.82F   8387.82  410       00000000000
00002645480410021 0360833180051458202202222 648520.80 48  13510.85F  13510.85  410       00000000000
00002645530410021 0327333180051334202202212  80484.30 18   4471.35F   4471.35  410       00000000000
00002645730410021 0438513180051353202202212 161664.00 12  13472.00F  13472.00  410       00000000000
00002645830410021 0363043180051313202202182 225823.20 24   9409.30F   9409.30  410       00000000000
00002645910410021 0334563180051537202202242 176354.40 48   3674.05F   3674.05  410       00000000000
00002645920410021 0334563180051538202202242 442524.00 48   9219.25F   9219.25  410       00000000000
00002646110410021 0439953180051320202202192  73634.40 36   2045.40F   2045.40  410       00000000000
00002646210410021 04254231800513282022021921430259.84 48  29797.08F  29797.08  410       00000000000
00002646290410021 0415153180051389202202212 442949.60 40  11073.74F  11073.74  410       00000000000
00002646390410021 0430273180051326202202182 808442.40 30  26948.08F  26948.08  410       00000000000
00002646590410021 0470563180051324202202182  88879.68 48   1851.66F   1851.66  410       00000000000
00002646770410021 0362563180051614202202252 345551.52 48   7198.99F   7198.99  310       00000000000
00002647050410021 0394163180051575202202242 493844.64 48  10288.43F  10288.43  410       00000000000
00002647310410021 0428933180051577202202242 415837.68 24  17326.57F  17326.57  410       00000000000
00002647620410021 0379243180051549202202242  44997.12 48    937.44F    937.44  410       00000000000
00002647710410021 0361583180051559202202232 156079.20 48   3251.65F   3251.65  410       00000000000
00002647730410021 0363273180051560202202232 210216.00 48   4379.50F   4379.50  410       00000000000
00002647930410021 0368073180051688202203022 324043.20 24  13501.80F  13501.80  310       00000000000
00002647940410021 0311193180051677202203022 752015.52 48  15666.99F  15666.99  310       00000000000
00002648140410021 0344163180051954202203072  37337.76 48    777.87F    777.87  310       00000000000
00002648150410021 0344163180051955202203072 171678.72 48   3576.64F   3576.64  310       00000000000
00002648310410021 0385483180051732202203022 708696.48 48  14764.51F  14764.51  310       00000000000
00002648370410021 0410953180051854202203022  83973.96 12   6997.83F   6997.83  310       00000000000
00002648410410021 0458993180051639202202252 187835.52 48   3913.24F   3913.24  310       00000000000
00002648720410021 0299963180053087202203182  71433.12 48   1488.19F   1488.19  310       00000000000
00002649080410021 0317003180052172202203082 429752.52 18  23875.14F  23875.14  310       00000000000
00002649200410021 0399673180051961202203082 312795.84 48   6516.58F   6516.58  310       00000000000
00002649510410021 0315883180052131202203092 648077.76 24  27003.24F  27003.24  310       00000000000
00002649600410021 0473573180052145202203102 220315.44 24   9179.81F   9179.81  310       00000000000
00002649610410021 0483863180052767202203182 552611.52 24  23025.48F  23025.48  310       00000000000
00002650190410021 0382313180052162202203102 149857.44 48   3122.03F   3122.03  310       00000000000
00002650320410021 0418243180052713202203172  26862.72 24   1119.28F   1119.28  310       00000000000
00002650330410021 0418243180052714202203172  87119.28 24   3629.97F   3629.97  310       00000000000
00002650420410021 0339963180052347202203112 119664.00 30   3988.80F   3988.80  310       00000000000
00002650440410021 0414793180052351202203122 182860.80 48   3809.60F   3809.60  310       00000000000
00002650650410021 0349463180052349202203142 189369.00 18  10520.50F  10520.50  310       00000000000
00002650690410021 0405203180052384202203142 326316.00 48   6798.25F   6798.25  310       00000000000
00002650730410021 0335583180052449202203152 182860.80 48   3809.60F   3809.60  310       00000000000
00002650750410021 0410833180052442202203122 216879.72 12  18073.31F  18073.31  310       00000000000
00002650960410021 0480043180052383202203122  66415.68 48   1383.66F   1383.66  310       00000000000
00002650980410021 0454303180052538202203142  49291.20 48   1026.90F   1026.90  310       00000000000
00002651100410021 0437533180052359202203122 218479.68 24   9103.32F   9103.32  310       00000000000
00002651280410021 0423303180052450202203142  53987.04 48   1124.73F   1124.73  310       00000000000
00002651360410021 0452223180052833202203182 440637.84 36  12239.94F  12239.94  310       00000000000
00002651380410021 0316773180052856202203192 232193.60 40   5804.84F   5804.84  310       00000000000
00002651400410021 0324343180053035202203212 237315.96 36   6592.11F   6592.11  310       00000000000
00002651410410021 0324343180053036202203212 343600.92 36   9544.47F   9544.47  310       00000000000
00002651420410021 0345823180052838202203212  74260.32 48   1547.09F   1547.09  310       00000000000
00002651490410021 0349063180052896202203182  94165.38 18   5231.41F   5231.41  310       00000000000
00002651620410021 0323093180052901202203212  95104.44 36   2641.79F   2641.79  310       00000000000
00002651630410021 0323093180052902202203212 535350.24 36  14870.84F  14870.84  310       00000000000
00002651660410021 0370863180052809202203182 155520.00 36   4320.00F   4320.00  310       00000000000
00002651680410021 0366053180052835202203202 230412.96 24   9600.54F   9600.54  310       00000000000
00002651740410021 0412813180052820202203182  65667.36 48   1368.07F   1368.07  310       00000000000
00002651760410021 0389973180052859202203192 462606.72 48   9637.64F   9637.64  310       00000000000
00002651830410021 0451073180052818202203182 649913.52 24  27079.73F  27079.73  310       00000000000
00002652010410021 0358873180052872202203182 166156.80 24   6923.20F   6923.20  310       00000000000
00002652050410021 0420473180052817202203182 374426.28 36  10400.73F  10400.73  310       00000000000
00002652070410021 0381453180052826202203192 344215.68 48   7171.16F   7171.16  310       00000000000
00002652450410021 0461623180052831202203192 135155.76 24   5631.49F   5631.49  310       00000000000
00002653110410021 0448013180052905202203212 323988.24 24  13499.51F  13499.51  310       00000000000
00002653120410021 0426813180052810202203192 583189.56 36  16199.71F  16199.71  310       00000000000
00002653160410021 0376533180052845202203182 220215.90 30   7340.53F   7340.53  310       00000000000
00002653240410021 0368033180052851202203192 115461.60 12   9621.80F   9621.80  310       00000000000
00002653350410021 0333003180052812202203192  69327.00 36   1925.75F   1925.75  310       00000000000
00002653450410021 0421433180052834202203192 754596.96 48  15720.77F  15720.77  310       00000000000
00002653590410021 0410573180052965202203222  86935.68 36   2414.88F   2414.88  310       00000000000
00002653890410021 0409163180052811202203182  82574.52 12   6881.21F   6881.21  310       00000000000
00002654240410021 0307643180052892202203212 385607.52 48   8033.49F   8033.49  310       00000000000
00002654300410021 0410983180052861202203182 735463.20 40  18386.58F  18386.58  310       00000000000
00002654400410021 0419153180053148202203232 290535.84 18  16140.88F  16140.88  310       00000000000
00002654850410021 0372353180053344202203292 545662.56 48  11367.97F  11367.97  210       00000000000
00002654890410021 0423983180053465202204022 127965.42 18   7109.19F   7109.19  210       00000000000
00002655080410021 0398773180053790202204042 296340.48 48   6173.76F   6173.76  210       00000000000
00002655090410021 0398773180053791202204042 634704.96 48  13223.02F  13223.02  210       00000000000
00002655350410021 0456753180053449202204022 685855.80 36  19051.55F  19051.55  210       00000000000
00002655610410021 0418453180053746202204022 103675.20 48   2159.90F   2159.90  210       00000000000
00002655830410021 0392723180053933202204042 443986.56 48   9249.72F   9249.72  210       00000000000
00002655980410021 0476563180056190202204082  83782.56 12   6981.88F   6981.88  210       00000000000
00002656010410021 0402133180055200202204072 206945.76 48   4311.37F   4311.37  210       00000000000
00002656030410021 0440333180055345202204082 129904.80 48   2706.35F   2706.35  210       00000000000
00002656150410021 0370723180055892202204122 144904.32 24   6037.68F   6037.68  210       00000000000
00002656240410021 0353113180055000202204072 213094.08 48   4439.46F   4439.46  210       00000000000
00002656270410021 0409343180054975202204072 293916.48 48   6123.26F   6123.26  210       00000000000
00002656310410021 0427783180054799202204062 165991.20 48   3458.15F   3458.15  210       00000000000
00002656330410021 0374593180055117202204072 140535.84 24   5855.66F   5855.66  210       00000000000
00002656350410021 0439313180054826202204062 218191.68 48   4545.66F   4545.66  210       00000000000
00002656420410021 0476353180055179202204072 153362.88 48   3195.06F   3195.06  210       00000000000
00002656650410021 0424403180055165202204072 120700.68 12  10058.39F  10058.39  210       00000000000
00002656670410021 0476503180054925202204072  42604.68 12   3550.39F   3550.39  210       00000000000
00002657010410021 0461063180055368202204082 154684.26 18   8593.57F   8593.57  210       00000000000
00002657170410021 0460233180055389202204082 290278.44 36   8063.29F   8063.29  210       00000000000
00002657180410021 0460233180055390202204082 212671.08 36   5907.53F   5907.53  210       00000000000
00002657800410021 0328363180055510202204092 423948.48 48   8832.26F   8832.26  210       00000000000
00002657820410021 0372493180055494202204082 408312.36 36  11342.01F  11342.01  210       00000000000
00002658090410021 0399513180055581202204112 366852.48 48   7642.76F   7642.76  210       00000000000
00002658130410021 0356603180055601202204112 183224.64 48   3817.18F   3817.18  210       00000000000
00002658480410021 0462023180055648202204112 252280.50 30   8409.35F   8409.35  210       00000000000
00002658730410021 0364163180055626202204112 156561.12 48   3261.69F   3261.69  210       00000000000
00002658770410021 0360143180055641202204112 141067.68 48   2938.91F   2938.91  210       00000000000
00002658780410021 0360143180055642202204112 575220.00 48  11983.75F  11983.75  210       00000000000
00002658960410021 0415833180056582202204212 238302.24 48   4964.63F   4964.63  210       00000000000
00002659160410021 0405593180056673202204222 286606.56 48   5970.97F   5970.97  210       00000000000
00002659180410021 0406283180056348202204182 431493.60 48   8989.45F   8989.45  210       00000000000
00002659540410021 0393153180056073202204132 306157.44 48   6378.28F   6378.28  210       00000000000
00002659560410021 0476613180056097202204132 448192.44 36  12449.79F  12449.79  210       00000000000
00002659600410021 0367993180056140202204132 168877.44 48   3518.28F   3518.28  210       00000000000
00002659680410021 0346643180055730202204112 155910.24 36   4330.84F   4330.84  210       00000000000
00002659700410021 0364023180056419202204192  40244.58 18   2235.81F   2235.81  210       00000000000
00002659710410021 0364023180056418202204192 103755.42 18   5764.19F   5764.19  210       00000000000
00002659750410021 0456883180056597202204212 115080.48 48   2397.51F   2397.51  210       00000000000
00002659820410021 0412693180056098202204132 425908.32 48   8873.09F   8873.09  210       00000000000
00002659840410021 0431903180056144202204142 269295.84 18  14960.88F  14960.88  210       00000000000
00002660050410021 0376133180056167202204152 890733.60 48  18556.95F  18556.95  210       00000000000
00002660130410021 0369833180056032202204132 192794.47 47   4102.01F   4102.01  210       00000000000
00002660210410021 0429833180056146202204182 360930.00 24  15038.75F  15038.75  210       00000000000
00002660630410021 0331363180056455202204192 154779.00 12  12898.25F  12898.25  210       00000000000
00002660670410021 0422493180056171202204162 367747.68 48   7661.41F   7661.41  210       00000000000
00002660940410021 0392063180056158202204182 228672.48 48   4764.01F   4764.01  210       00000000000
00002661010410021 0434253180056277202204182 407409.36 24  16975.39F  16975.39  210       00000000000
00002661140410021 0360573180056507202204202 602114.88 48  12544.06F  12544.06  210       00000000000
00002661510410021 0405553180056826202204262  61272.00 48   1276.50F   1276.50  110       00000000000
00002661560410021 0387553180056512202204212 109809.60 48   2287.70F   2287.70  210       00000000000
00002661600410021 0469833180056580202204212 102564.72 24   4273.53F   4273.53  210       00000000000
00002661620410021 0364123180056559202204212 167485.44 24   6978.56F   6978.56  210       00000000000
00002661690410021 0410493180056630202204212 117223.92 36   3256.22F   3256.22  210       00000000000
00002661740410021 0384953180056653202204222 172790.88 48   3599.81F   3599.81  210       00000000000
00002661750410021 0384953180056654202204222 910024.80 48  18958.85F  18958.85  210       00000000000
00002661760410021 0442953180056613202204212 398841.12 48   8309.19F   8309.19  210       00000000000
00002661860410021 0436663180056561202204212 425265.60 48   8859.70F   8859.70  210       00000000000
00002661890410021 0364843180056668202204212 197286.72 48   4110.14F   4110.14  210       00000000000
00002662250410021 0468223180056987202204282 222056.40 24   9252.35F   9252.35  110       00000000000
00002662290410021 0455613180056795202204252 140469.60 48   2926.45F   2926.45  210       00000000000
00002662300410021 0455613180056796202204252 406905.60 48   8477.20F   8477.20  210       00000000000
00002662380410021 0327713180057248202205032 231820.56 18  12878.92F  12878.92  110       00000000000
00002662580410021 0318173180056626202204212 163425.20 40   4085.63F   4085.63  210       00000000000
00002662780410021 0378893180056550202204202 488748.96 48  10182.27F  10182.27  210       00000000000
00002662860410021 0345823180057021202204292 171874.08 48   3580.71F   3580.71  110       00000000000
00002663070410021 0428973180056794202204252 265708.08 18  14761.56F  14761.56  210       00000000000
00002663210410021 0461703180056711202204222 748776.00 48  15599.50F  15599.50  210       00000000000
00002663270410021 0338653180056925202204272 118181.28 48   2462.11F   2462.11  110       00000000000
00002663340410021 0434743180056743202204252 171674.40 48   3576.55F   3576.55  210       00000000000
00002663380410021 0345883180056754202204252 455677.44 48   9493.28F   9493.28  210       00000000000
00002663390410021 0345883180056753202204252 496390.56 48  10341.47F  10341.47  210       00000000000
00002663410410021 0372963180056690202204222 307853.20 40   7696.33F   7696.33  210       00000000000
00002663480410021 0317103180057057202204292 116107.20 36   3225.20F   3225.20  110       00000000000
00002663910410021 0364483180056945202204282  87126.96 24   3630.29F   3630.29  110       00000000000
00002663990410021 0445913180056939202204282 329316.48 24  13721.52F  13721.52  110       00000000000
00002664020410021 0452323180056937202204272 111973.68 24   4665.57F   4665.57  110       00000000000
00002664240410021 0434623180056977202204282 150745.68 36   4187.38F   4187.38  110       00000000000
00002664280410021 0409543180056998202204292  46999.80 36   1305.55F   1305.55  110       00000000000
00002664380410021 0398703180056963202204282 192708.00 30   6423.60F   6423.60  110       00000000000
00002664530410021 0428603180056928202204272 150108.96 48   3127.27F   3127.27  110       00000000000
00002664610410021 0348523180057069202204292  77491.20 48   1614.40F   1614.40  110       00000000000
00002664620410021 0348523180057070202204292 921517.92 48  19198.29F  19198.29  110       00000000000
00002664770410021 0423303180057051202205022 115452.00 48   2405.25F   2405.25  110       00000000000
00002665170410021 0428173180057236202205032  98471.16 18   5470.62F   5470.62  110       00000000000
00002665190410021 0466433180057022202204292 278611.20 48   5804.40F   5804.40  110       00000000000
00002665550410021 04128331800576692022050621399541.76 48  29157.12F  29157.12  110       00000000000
00002665640410021 0412813180057473202205052  85961.76 48   1790.87F   1790.87  110       00000000000
00002665660410021 04437431800573872022050421373336.16 48  28611.17F  28611.17  110       00000000000
00002665710410021 0415273180057355202205042 237112.80 48   4939.85F   4939.85  110       00000000000
00002665790410021 0450723180057539202205052 284951.04 48   5936.48F   5936.48  110       00000000000
00002666080410021 0388323180058043202205112 125352.00 18   6964.00F   6964.00  110       00000000000
00002666240410021 0333003180057534202205052 146982.24 48   3062.13F   3062.13  110       00000000000
00002666350410021 0371403180057379202205042 321296.16 48   6693.67F   6693.67  110       00000000000
00002666680410021 0357483180057676202205092 157169.88 36   4365.83F   4365.83  110       00000000000
00002668240410021 0451013180058168202205122  96479.40 30   3215.98F   3215.98  110       00000000000
