00001812290100011 040427  44471556201210022  67465.08 36   1874.03V   1874.03 2930       0          
00002174080100011 041826  62489537201607142 282753.06 57   4960.58V   4960.58 5110       0          
00002191260100011 042443  63728411201609192 187755.02 37   5074.46V   5074.46  830       0          
00002197830100011 033504  64032310201610042 124326.24 48   2590.13V   2590.13 4130       0          
00002200210100011 042443  64206602201610122  60592.68 37   1637.64V   1637.64  730       0          
00002219090100011 037238  65439297201612152 345633.60 60   5760.56V   5760.56 2830       0          
00002223960100011 036191  65961645201701132  97010.69 49   1979.81V   1979.81 2330       0          
00002243740100011 042443  67538795201704052  18343.68 48    382.16V    382.16  130       0          
00002251570100011 039202  68308684201705222 124117.80 60   2068.63V   2068.63 6010       0          
00002252440100011 040050  68281447201705182 231262.20 60   3854.37V   3854.37 5610       0          
00002253830100011 041478  68350570201705242 265209.00 60   4420.15V   4420.15 6010       0          
00002254630100011 041691  68451464201705292  78650.16 24   3277.09V   3277.09  830       0          
00002255720100011 044738  68605397201706062 401261.40 60   6687.69V   6687.69 6010       0          
00002257880100011 040267  68738713201706132  36333.60 60    605.56V    605.56 6010       0          
00002259800100011 040614  68848497201706232 198906.60 60   3315.11V   3315.11 5910       0          
00002259930100011 032619  68829865201706222  79563.00 60   1326.05V   1326.05 5910       0          
00002262360100011 034889  69219795201707122 621385.20 60  10356.42V  10356.42 5910       0          
00002262390100011 039378  69172107201707102 150955.93 37   4079.89V   4079.89 3210       0          
00002262480100011 044637  69171166201707102 402587.40 60   6709.79V   6709.79 4110       0          
00002264300100011 039299  69451419201707282 343711.20 60   5728.52V   5728.52 5810       0          
00002264530100011 039045  69453091201707282 269452.20 60   4490.87V   4490.87 5810       0          
00002264980100011 038316  69589253201708042 380840.40 60   6347.34V   6347.34 5810       0          
00002267990100011 033894  69788217201708172 289078.20 60   4817.97V   4817.97 5810       0          
00002268050100011 044817  69765500201708152 397813.80 60   6630.23V   6630.23 5810       0          
00002269800100011 044916  70156060201709072 470481.00 60   7841.35V   7841.35 5710       0          
00002270720100011 035719  69961978201708292 333556.20 60   5559.27V   5559.27 5710       0          
00002270760100011 034856  69937905201708282  69484.80 60   1158.08V   1158.08 5710       0          
00002270920100011 041259  69963194201708292 105975.00 60   1766.25V   1766.25 5710       0          
00002271220100011 032281  69962620201708292 125336.16 48   2611.17V   2611.17 3630       0          
00002272270100011 036430  70013745201708312 584160.60 60   9736.01V   9736.01 5710       0          
00002273250100011 037401  70017240201708312 110488.20 60   1841.47V   1841.47 5710       0          
00002273900100011 044875  70022575201709012 473211.56 58   8158.82V   8158.82 5710       0          
00002275880100011 036856  70164036201709082 102901.20 60   1715.02V   1715.02 5710       0          
00002277390100011 036068  70345223201709212 136317.60 60   2271.96V   2271.96 5610       0          
00002277400100011 036068  70342590201709212 446347.20 60   7439.12V   7439.12 5610       0          
00002278770100011 043474  70272137201709142  46411.80 60    773.53V    773.53 5710       0          
00002279400100011 038983  70266585201709132  80889.00 60   1348.15V   1348.15 5710       0          
00002282560100011 040992  70322996201709192 154882.20 60   2581.37V   2581.37 5710       0          
00002285520100011 038119  70423346201709262  98923.20 60   1648.72V   1648.72 5610       0          
00002285550100011 038003  70421099201709262 249826.80 60   4163.78V   4163.78 5510       0          
00002285600100011 033987  70420913201709262 156473.40 60   2607.89V   2607.89 5610       0          
00002287050100011 041016  70502486201709282 127300.20 60   2121.67V   2121.67 5610       0          
00002287770100011 037859  70512809201709292 322149.00 60   5369.15V   5369.15 5610       0          
00002289220100011 044908  70634954201710062  79563.00 60   1326.05V   1326.05 5610       0          
00002289780100011 044381  70704318201710102 265474.20 60   4424.57V   4424.57 5610       0          
00002290610100011 045059  70738850201710112 461199.00 60   7686.65V   7686.65 5610       0          
00002291890100011 037819  70813603201710172 138704.40 60   2311.74V   2311.74 5610       0          
00002292900100011 043712  70882563201710242 107674.80 60   1794.58V   1794.58 5510       0          
00002293350100011 042418  70843961201710202 204211.20 60   3403.52V   3403.52 5610       0          
00002293970100011 038928  70866159201710232 203150.40 60   3385.84V   3385.84 5510       0          
00002294230100011 039851  70865035201710232 484537.20 60   8075.62V   8075.62 5510       0          
00002296090100011 043511  71072551201711012 243727.20 60   4062.12V   4062.12 5510       0          
00002297610100011 037736  71192595201711082 114835.80 60   1913.93V   1913.93 5310       0          
00002302850100011 042488  71539987201711282 504693.00 60   8411.55V   8411.55 5210       0          
00002302990100011 039267  71633980201712012 297034.20 60   4950.57V   4950.57 5410       0          
00002303910100011 045405  71739141201712052 491432.40 60   8190.54V   8190.54 5310       0          
00002304760100011 043513  71634273201712012 511853.40 60   8530.89V   8530.89 5410       0          
00002306380100011 041022  71803365201712112 309499.20 60   5158.32V   5158.32 5410       0          
00002309970100011 039202  72331215201801162 110094.00 60   1834.90V   1834.90 5310       0          
00002310370100011 045410  72185967201801082 538422.60 60   8973.71V   8973.71 5310       0          
00002315280100011 045781  72397362201801232 309336.28 37   8360.44V   8360.44 1130       0          
00002315290100011 045789  72487802201801292 500756.40 60   8345.94V   8345.94 5210       0          
00002315600100011 035933  72388585201801222 601734.00 60  10028.90V  10028.90 5210       0          
00002316480100011 045096  72404507201801232 183920.88 24   7663.37V   7663.37 2330       0          
00002317150100011 038652  72517823201801302 248358.00 60   4139.30V   4139.30 5210       0          
00002318820100011 038333  72597167201802022  63030.60 60   1050.51V   1050.51 5210       0          
00002318920100011 037870  72589543201802012 700341.60 60  11672.36V  11672.36 4710       0          
00002321030100011 037934  72870109201802202 124380.60 60   2073.01V   2073.01 5210       0          
00002323760100011 036803  73120871201802282 110373.60 60   1839.56V   1839.56 5110       0          
00002323770100011 036803  73121264201802282 308150.40 60   5135.84V   5135.84 5110       0          
00002325050100011 037478  73040500201802272  74421.24 51   1459.24V   1459.24 5110       0          
00002326170100011 041259  73312092201803092 292722.66 51   5739.66V   5739.66 5110       0          
00002328210100011 040076  73399777201803142  31655.40 60    527.59V    527.59 5110       0          
00002328220100011 040076  73400253201803142 511809.60 60   8530.16V   8530.16 5110       0          
00002331750100011 046256  73465164201803212 420205.20 60   7003.42V   7003.42 5010       0          
00002334800100011 039319  73892744201804132 431970.60 60   7199.51V   7199.51 5010       0          
00002335300100011 036910  73943621201804192 100849.20 60   1680.82V   1680.82 2430       0          
00002335310100011 036910  73943569201804192 295264.20 60   4921.07V   4921.07 2430       0          
00002335770100011 041422  73960555201804212  30534.60 60    508.91V    508.91 4910       0          
00002335780100011 041422  73960746201804212 219067.20 60   3651.12V   3651.12 4910       0          
00002336500100011 036907  73945983201804192  26386.56 48    549.72V    549.72 2530       0          
00002336970100011 040631  74040897201804252  56027.40 60    933.79V    933.79 4610       0          
00002337840100011 041940  73968838201804232 116256.60 60   1937.61V   1937.61 4910       0          
00002338470100011 034717  74012115201804242 119058.00 60   1984.30V   1984.30 4910       0          
00002339850100011 043812  74282248201805082  46222.80 60    770.38V    770.38 4910       0          
00002340560100011 045216  74259009201805072 288540.60 60   4809.01V   4809.01 4910       0          
00002342570100011 043168  74751392201806092  51829.92 48   1079.79V   1079.79 4810       0          
00002343000100011 035397  74751491201806092 249181.44 48   5191.28V   5191.28 4810       0          
00002345210100011 042646  74751454201806092 411897.12 48   8581.19V   8581.19 4810       0          
00002347230100011 046194  74859152201806142 388224.48 48   8088.01V   8088.01 4810       0          
00002347800100011 045087  74881919201806182 477846.60 60   7964.11V   7964.11 4810       0          
00002348400100011 041620  75134802201807052 123448.80 60   2057.48V   2057.48 4710       0          
00002349180100011 035245  75067572201807022 239809.20 60   3996.82V   3996.82 4710       0          
00002349250100011 043070  75029530201806292 174655.20 60   2910.92V   2910.92 4410       0          
00002349260100011 043070  75026519201806292 157707.00 60   2628.45V   2628.45 4410       0          
00002349700100011 038052  75030750201806292 126271.20 60   2104.52V   2104.52 4710       0          
00002349850100011 045498  75029959201806292 371403.84 48   7737.58V   7737.58 4710       0          
00002350590100011 045032  75204839201807102 311838.00 60   5197.30V   5197.30 4710       0          
00002350660100011 040922  75809823201807232 208058.40 48   4334.55V   4334.55 4610       0          
00002351220100011 037528  75788320201807192 263016.48 48   5479.51V   5479.51 4710       0          
00002351690100011 037860  75789276201807192 151711.20 48   3160.65V   3160.65 4710       0          
00002352260100011 045577  75844328201807242 150366.00 57   2638.00V   2638.00 4610       0          
00002352300100011 042350  75892482201807262 513160.80 60   8552.68V   8552.68 4610       0          
00002352460100011 046353  75891856201807262 486498.60 60   8108.31V   8108.31 4610       0          
00002352670100011 041259  75896993201807272  78417.00 60   1306.95V   1306.95 4610       0          
00002353090100011 040614  75946587201807302 260604.00 48   5429.25V   5429.25 4610       0          
00002353230100011 037669  75988965201808012 109421.28 48   2279.61V   2279.61 1730       0          
00002353550100011 038421  76098711201808082 120205.92 48   2504.29V   2504.29 4610       0          
00002353760100011 035580  76179109201808132  41945.79 37   1133.67V   1133.67 3510       0          
00002353850100011 039795  76071492201808072  22357.92 48    465.79V    465.79 4610       0          
00002354020100011 040557  76071708201808072 246724.32 48   5140.09V   5140.09 4610       0          
00002355330100011 041939  76184350201808132 176908.80 60   2948.48V   2948.48 4610       0          
00002355340100011 041939  76184251201808132 202943.40 60   3382.39V   3382.39 4610       0          
00002355370100011 041875  76184115201808132 225840.60 60   3764.01V   3764.01 4410       0          
00002355380100011 041875  76184298201808132 400240.20 60   6670.67V   6670.67 4410       0          
00002355730100011 043781  76225198201808162  92061.12 48   1917.94V   1917.94 4610       0          
00002356050100011 039027  76267070201808222 144844.20 60   2414.07V   2414.07 4510       0          
00002356270100011 045882  76287842201808242 388659.84 48   8097.08V   8097.08 4510       0          
00002356650100011 037541  76268333201808222  59943.84 48   1248.83V   1248.83 4510       0          
00002357540100011 036327  76538448201809062  99685.20 60   1661.42V   1661.42 4510       0          
00002359310100011 045519  76544938201809072 252043.20 48   5250.90V   5250.90 3030       0          
00002359770100011 038173  76692428201809132 418213.44 48   8712.78V   8712.78 4510       0          
00002360640100011 039218  76860067201809262 133828.32 48   2788.09V   2788.09 4410       0          
00002361010100011 043149  76773723201809212  85594.08 48   1783.21V   1783.21 4410       0          
00002361610100011 044357  77150297201810122  89621.40 60   1493.69V   1493.69 4410       0          
00002361730100011 043679  76887767201809272 130182.48 36   3616.18V   3616.18 3130       0          
00002361970100011 036073  76999516201810042 510242.88 48  10630.06V  10630.06 4410       0          
00002362070100011 044891  76922144201810012 464429.16 57   8147.88V   8147.88 4410       0          
00002362510100011 038495  77007791201810052 135148.80 60   2252.48V   2252.48 4410       0          
00002362760100011 043107  77000604201810042 309768.50 50   6195.37V   6195.37 4110       0          
00002363660100011 045777  77250386201810232 391497.12 48   8156.19V   8156.19 4310       0          
00002363910100011 035290  77150503201810122 100979.52 48   2103.74V   2103.74 4410       0          
00002364830100011 042704  77294128201810262 140455.68 48   2926.16V   2926.16 4310       0          
00002365610100011 037603  77260072201810242 163335.36 48   3402.82V   3402.82 4310       0          
00002365890100011 038961  77341448201810292  26332.80 48    548.60V    548.60 4310       0          
00002365900100011 038961  77341393201810292 431158.08 48   8982.46V   8982.46 4310       0          
00002366320100011 043113  77390970201810312  68283.36 48   1422.57V   1422.57 4310       0          
00002367030100011 040236  77428120201811022 109946.40 60   1832.44V   1832.44 2690       0          
00002367440100011 041621  77503161201811072 122978.40 48   2562.05V   2562.05 3510       0          
00002367690100011 034979  77453653201811052 157297.92 48   3277.04V   3277.04 4310       0          
00002367740100011 041827  77588867201811122  25139.88 36    698.33V    698.33 3510       0          
00002367820100011 040926  77609316201811132 132829.44 48   2767.28V   2767.28 4210       0          
00002368030100011 039275  77527766201811082  82701.62 58   1425.89V   1425.89 4310       0          
00002368150100011 032405  77503580201811072 125763.60 60   2096.06V   2096.06 4310       0          
00002368260100011 034890  77529822201811082  60268.57 47   1282.31V   1282.31 4310       0          
00002368270100011 034890  77529746201811082 233893.15 47   4976.45V   4976.45 4310       0          
00002368860100011 035752  77668758201811162  56540.40 60    942.34V    942.34 4210       0          
00002368870100011 035752  77668672201811162 157111.80 60   2618.53V   2618.53 4210       0          
00002369510100011 045530  77637268201811142  77155.20 60   1285.92V   1285.92 4210       0          
00002370720100011 037621  77611500201811132 388092.00 60   6468.20V   6468.20 4210       0          
00002370740100011 035397  77607250201811132  63554.88 48   1324.06V   1324.06 4210       0          
00002371400100011 043742  77636258201811142  62601.60 48   1304.20V   1304.20 3930       0          
00002371850100011 038589  77640482201811142  76901.28 48   1602.11V   1602.11 4210       0          
00002372110100011 035289  77703491201811212  64973.50 50   1299.47V   1299.47 4210       0          
00002372120100011 035289  77703477201811212 239220.50 50   4784.41V   4784.41 4210       0          
00002372130100011 039661  77664185201811152  83883.60 60   1398.06V   1398.06 4210       0          
00002372360100011 037797  77663954201811152  73405.44 48   1529.28V   1529.28 4210       0          
00002372550100011 036310  77734121201811232 180887.40 60   3014.79V   3014.79 4210       0          
00002373210100011 039613  77673115201811162 287903.04 48   5997.98V   5997.98 1430       0          
00002373230100011 041940  77673046201811162  78698.40 60   1311.64V   1311.64 4210       0          
00002373840100011 045405  77820531201811262 108973.20 60   1816.22V   1816.22 3910       0          
00002374070100011 037296  77706444201811212  90099.36 48   1877.07V   1877.07 4210       0          
00002374110100011 038881  77698230201811202  71224.80 48   1483.85V   1483.85 4210       0          
00002374160100011 044536  77734626201811232  74973.60 60   1249.56V   1249.56 4210       0          
00002374710100011 037784  77717646201811222 375730.77 51   7367.27V   7367.27 4210       0          
00002374730100011 039366  77736390201811232 356124.96 48   7419.27V   7419.27 4210       0          
00002375130100011 040473  77906739201811282 228988.32 48   4770.59V   4770.59 4210       0          
00002375150100011 037810  77907534201811282 105922.20 60   1765.37V   1765.37 4210       0          
00002375200100011 043209  77863544201811272  62321.76 48   1298.37V   1298.37 4210       0          
00002376400100011 045177  78001865201812032  81512.40 60   1358.54V   1358.54 4010       0          
00002376820100011 042787  78049689201812052 304122.15 45   6758.27V   6758.27 4210       0          
00002377430100011 040434  78087816201812102  71580.96 48   1491.27V   1491.27 4210       0          
00002378520100011 045519  78130074201812182 170980.56 36   4749.46V   4749.46 2630       0          
00002378540100011 036092  78104852201812132 113332.20 60   1888.87V   1888.87 4110       0          
00002378730100011 041022  78123293201812172 100783.20 48   2099.65V   2099.65 4110       0          
00002378740100011 041022  78123454201812172 248219.04 48   5171.23V   5171.23 4110       0          
00002379220100011 038495  78129267201812182  97222.08 48   2025.46V   2025.46 4110       0          
00002379400100011 035379  78206601201812262 106837.44 48   2225.78V   2225.78 4110       0          
00002380980100011 040149  78402758201901072  65171.04 48   1357.73V   1357.73 4110       0          
00002383100100011 034543  78497880201901122 150004.20 60   2500.07V   2500.07 4110       0          
00002383720100011 036625  78566748201901152 320512.32 48   6677.34V   6677.34 4110       0          
00002385070100011 045741  78574929201901162 280756.44 36   7798.79V   7798.79 3530       0          
00002385110100011 043515  78584707201901172  63390.24 48   1320.63V   1320.63 4110       0          
00002386630100011 036586  78695361201901252  73005.60 48   1520.95V   1520.95 4010       0          
00002386640100011 036586  78695262201901252 235042.08 48   4896.71V   4896.71 4010       0          
00002387150100011 041230  78852640201901312 149635.68 48   3117.41V   3117.41 4010       0          
00002388680100011 035334  78829752201901302 321568.32 48   6699.34V   6699.34 4010       0          
00002390150100011 044989  78967099201902062 216879.84 48   4518.33V   4518.33 4010       0          
00002390200100011 035643  79011231201902082  82264.80 48   1713.85V   1713.85 4010       0          
00002390700100011 040586  79120050201902132 370369.92 48   7716.04V   7716.04 4010       0          
00002395950100011 038993  79542891201903082 121059.84 48   2522.08V   2522.08 3910       0          
00002395960100011 038993  79542976201903082 471683.52 48   9826.74V   9826.74 3110       0          
00002397230100011 037314  79555950201903082 609163.68 48  12690.91V  12690.91 3910       0          
00002397870100011 045519  79710839201903152  38016.00 36   1056.00V   1056.00 2430       0          
00002398350100011 043742  79705289201903142  36704.16 48    764.67V    764.67 3630       0          
00002398920100011 046620  79715039201903152 164727.00 60   2745.45V   2745.45 3910       0          
00002399350100011 039613  79751244201903192  73730.88 48   1536.06V   1536.06 1130       0          
00002399360100011 039613  79751687201903192 168067.20 48   3501.40V   3501.40 1130       0          
00002399610100011 039602  79729259201903182 187063.68 48   3897.16V   3897.16 3910       0          
00002402310100011 045096  79801591201903222 127821.60 48   2662.95V   2662.95 1110       0          
00002403670100011 043107  79837955201903252  86306.40 36   2397.40V   2397.40 3510       0          
00002404260100011 046739  80124335201904092 205491.24 36   5708.09V   5708.09 3430       0          
00002404920100011 040605  80042158201904052  45779.40 60    762.99V    762.99 3810       0          
00002404930100011 040605  80042609201904052 282892.20 60   4714.87V   4714.87 3810       0          
00002407750100011 035332  80536441201905062  57384.45 45   1275.21V   1275.21 3710       0          
00002407760100011 035332  80536557201905062 133083.00 45   2957.40V   2957.40 3710       0          
00002407920100011 036625  80258262201904162 194640.48 48   4055.01V   4055.01 3810       0          
00002408860100011 036129  80275129201904172 135772.80 60   2262.88V   2262.88 3710       0          
00002411530100011 035706  80680018201905132 170643.36 48   3555.07V   3555.07 3610       0          
00002411540100011 035706  80679858201905132 395376.96 48   8237.02V   8237.02 3610       0          
00002411780100011 040356  80612310201905092 171328.32 36   4759.12V   4759.12 3610       0          
00002412540100011 038888  80619667201905092 112249.44 36   3118.04V   3118.04 3610       0          
00002412930100011 045216  80627930201905102 126382.20 60   2106.37V   2106.37 3610       0          
00002413250100011 040458  80679828201905132 118568.40 60   1976.14V   1976.14 3610       0          
00002413650100011 037395  80718073201905162 102519.30 39   2628.70V   2628.70 3610       0          
00002413660100011 037395  80718097201905162 388310.52 39   9956.68V   9956.68 3610       0          
00002413690100011 046146  80705243201905142 289771.68 48   6036.91V   6036.91 3610       0          
00002414870100011 035397  80712521201905152 160983.84 48   3353.83V   3353.83 3510       0          
00002415090100011 042115  80720205201905162 313020.60 60   5217.01V   5217.01 3610       0          
00002416210100011 046654  80769052201905222 473293.44 48   9860.28V   9860.28 3610       0          
00002416260100011 045605  81041445201906082 482952.48 48  10061.51V  10061.51 3610       0          
00002416940100011 043341  80777293201905232 285984.72 36   7944.02V   7944.02 3610       0          
00002417660100011 037743  80956356201906032 332396.16 48   6924.92V   6924.92 3610       0          
00002417940100011 039475  80786399201905242 398139.12 36  11059.42V  11059.42 3610       0          
00002419900100011 044462  80997960201906042 348047.52 48   7250.99V   7250.99 3610       0          
00002419920100011 043511  81028280201906062 108181.44 48   2253.78V   2253.78 3610       0          
00002419930100011 043511  81028273201906062 195434.88 48   4071.56V   4071.56 3610       0          
00002419950100011 037785  81026064201906062 103516.20 36   2875.45V   2875.45 3610       0          
00002420570100011 043742  81024298201906062 256863.96 36   7135.11V   7135.11 3330       0          
00002420610100011 037095  81027592201906062 292825.08 36   8134.03V   8134.03 3610       0          
00002420630100011 043113  81028831201906062  58276.32 48   1214.09V   1214.09 3610       0          
00002420760100011 043794  81154921201906132  65243.52 36   1812.32V   1812.32 3610       0          
00002420890100011 035217  81128042201906122 108653.40 36   3018.15V   3018.15 3610       0          
00002421110100011 044980  81108738201906112 181988.64 36   5055.24V   5055.24 2610       0          
00002421200100011 046758  81131832201906122 361150.92 36  10031.97V  10031.97 3610       0          
00002421210100011 037541  81127515201906122 144885.60 48   3018.45V   3018.45 3610       0          
00002421760100011 040825  81167713201906152 191876.36 52   3689.93V   3689.93 3610       0          
00002421890100011 039761  81306361201906292 204168.22 37   5518.06V   5518.06 3510       0          
00002422190100011 042361  81215036201906222 186097.44 48   3877.03V   3877.03 3510       0          
00002422260100011 045889  81215363201906222  39557.16 36   1098.81V   1098.81 3510       0          
00002422640100011 037381  81269140201906262  42382.44 36   1177.29V   1177.29 3510       0          
00002423820100011 043931  81535554201907122  42499.68 48    885.41V    885.41 3510       0          
00002423830100011 043931  81535517201907122 238578.24 48   4970.38V   4970.38 3510       0          
00002424150100011 041722  81575874201907152 156687.12 36   4352.42V   4352.42 3510       0          
00002424160100011 041722  81575868201907152 259175.88 36   7199.33V   7199.33 3510       0          
00002425020100011 044276  81579095201907152 188795.16 36   5244.31V   5244.31 3510       0          
00002425200100011 045448  81505194201907102  78600.24 36   2183.34V   2183.34 2410       0          
00002426270100011 036586  81609948201907182  46235.52 36   1284.32V   1284.32 3510       0          
00002426920100011 043742  81842877201908022  36217.80 36   1006.05V   1006.05 3130       0          
00002427410100011 044355  81699339201907252 340609.20 60   5676.82V   5676.82 3410       0          
00002428780100011 044947  81710196201907252 358325.28 36   9953.48V   9953.48 3410       0          
00002429110100011 046953  81718418201907272 505976.50 50  10119.53V  10119.53 3410       0          
00002429200100011 039348  81716252201907262 426651.12 36  11851.42V  11851.42 3410       0          
00002430260100011 039846  81841241201908022  94269.24 36   2618.59V   2618.59 3410       0          
00002430390100011 043654  81845739201908032 665169.00 60  11086.15V  11086.15 3410       0          
00002430750100011 044334  81895165201908062 207987.12 36   5777.42V   5777.42 3410       0          
00002431710100011 036173  82228246201908282  84033.60 48   1750.70V   1750.70 3310       0          
00002431720100011 036173  82228290201908282 518368.80 48  10799.35V  10799.35 3310       0          
00002431840100011 047051  82224383201908282 484884.00 48  10101.75V  10101.75 3310       0          
00002432060100011 036083  82246364201908292  66741.84 36   1853.94V   1853.94 3310       0          
00002432070100011 036083  82246265201908292 259423.20 36   7206.20V   7206.20 3310       0          
00002438300100011 042787  82772658201910012  64829.16 36   1800.81V   1800.81 3210       0          
00002438310100011 042787  82772635201910012 112446.72 36   3123.52V   3123.52 3210       0          
00002441610100011 039850  82853900201910072 237228.12 36   6589.67V   6589.67 3210       0          
00002443030100011 039163  83032118201910152 107872.20 18   5992.90V   5992.90 1710       0          
00002443780100011 046728  83156817201910252 406483.56 36  11291.21V  11291.21 3110       0          
00002444070100011 035157  83242020201910282  64937.28 48   1352.86V   1352.86 3010       0          
00002444080100011 035157  83242043201910282 130604.16 48   2720.92V   2720.92 3110       0          
00002444230100011 036586  83261576201910292  45204.00 48    941.75V    941.75 3110       0          
00002445800100011 046204  83313937201910312 408551.40 36  11348.65V  11348.65 3110       0          
00002446750100011 043671  83433963201911082 395858.52 36  10996.07V  10996.07 3110       0          
00002447100100011 045177  83432687201911072 111801.00 60   1863.35V   1863.35 2910       0          
00002447630100011 045731  83518467201911122  46470.24 36   1290.84V   1290.84 3010       0          
00002448170100011 041029  83581590201911152 200797.92 36   5577.72V   5577.72 3010       0          
00002448290100011 039862  83565087201911142  44175.60 36   1227.10V   1227.10 3010       0          
00002449910100011 035615  83564887201911142  74581.92 36   2071.72V   2071.72 3010       0          
00002450020100011 037844  83613739201911202 313042.80 60   5217.38V   5217.38 3010       0          
00002450340100011 039761  83596660201911192 267111.00 36   7419.75V   7419.75 3010       0          
00002450990100011 043712  83627844201911212 188245.44 48   3921.78V   3921.78 3010       0          
00002452380100011 040771  83739630201911252 516337.20 36  14342.70V  14342.70 3010       0          
00002453080100011 044774  83820567201911272 268782.12 36   7466.17V   7466.17 3010       0          
00002454810100011 045748  84022659201912102 423916.80 48   8831.60V   8831.60 3010       0          
00002456390100011 046433  84052605201912142 304967.04 24  12706.96V  12706.96 2130       0          
00002457720100011 035596  84115577201912232 107857.08 36   2996.03V   2996.03 2910       0          
00002457830100011 043107  84117658201912232  60813.00 36   1689.25V   1689.25 2910       0          
00002457850100011 039226  84151822201912272 286854.12 36   7968.17V   7968.17 2910       0          
00002458140100011 038003  84118927201912232 172112.40 36   4780.90V   4780.90 2910       0          
00002458810100011 037395  84378419202001082  60787.46 38   1599.67V   1599.67 2910       0          
00002459760100011 036173  84561446202001202  82112.40 40   2052.81V   2052.81 2910       0          
00002459960100011 043804  84528268202001162 234576.96 48   4887.02V   4887.02 2910       0          
00002460550100011 036977  84531133202001162 729632.64 48  15200.68V  15200.68 2910       0          
00002461230100011 045956  84542769202001182 203236.56 36   5645.46V   5645.46 2910       0          
00002461240100011 045956  84543074202001182 208296.00 36   5786.00V   5786.00 2910       0          
00002462320100011 044768  84541508202001172  57370.68 36   1593.63V   1593.63 2910       0          
00002463120100011 037152  84586843202001222 255258.30 30   8508.61V   8508.61 2810       0          
00002463450100011 043014  84595858202001232 464129.64 36  12892.49V  12892.49 2810       0          
00002463560100011 034215  84677546202001272 611617.89 39  15682.51V  15682.51 2810       0          
00002464960100011 033956  84784040202001312  71325.36 36   1981.26V   1981.26 2810       0          
00002465240100011 042811  84977972202002112 184690.80 60   3078.18V   3078.18 2810       0          
00002466300100011 038696  85024066202002132 192994.92 36   5360.97V   5360.97 2810       0          
00002467330100011 040777  84998136202002122 457925.76 48   9540.12V   9540.12 2710       0          
00002467970100011 038925  85221101202002272 169915.80 60   2831.93V   2831.93 2710       0          
00002468060100011 046620  85044881202002132  71131.20 48   1481.90V   1481.90 2810       0          
00002468360100011 040574  85070874202002172 130294.50 30   4343.15V   4343.15 2810       0          
00002469300100011 035182  85142173202002212 285166.44 27  10561.72V  10561.72 2710       0          
00002470020100011 039171  85248594202002282  75285.00 36   2091.25V   2091.25 2710       0          
00002470040100011 041517  85249054202002282 198129.12 48   4127.69V   4127.69 2710       0          
00002470050100011 041517  85249061202002282 445409.28 48   9279.36V   9279.36 2710       0          
00002470300100011 043776  85248587202002282  99283.32 36   2757.87V   2757.87 2710       0          
00002470840100011 041339  85368012202003032 139780.08 36   3882.78V   3882.78 2710       0          
00002470880100011 037768  85366338202003032 276281.76 48   5755.87V   5755.87 2710       0          
00002471000100011 046731  85388257202003042 122265.60 60   2037.76V   2037.76 2710       0          
00002471150100011 041579  85333681202003022 322913.10 30  10763.77V  10763.77 2710       0          
00002471160100011 041579  85250016202002282  76656.60 30   2555.22V   2555.22 2710       0          
00002471280100011 041364  85392543202003042 257198.37 33   7793.89V   7793.89 2710       0          
00002471840100011 035334  85460772202003092 465421.20 60   7757.02V   7757.02 2710       0          
00002472100100011 034850  85611825202003162   5776.32 48    120.34V    120.34 2710       0          
00002472110100011 034850  85611832202003162 592665.60 48  12347.20V  12347.20 2710       0          
00002472810100011 036846  85543387202003122 138143.94 37   3733.62V   3733.62 2710       0          
00002474650100011 044350  85607155202003162 800452.80 60  13340.88V  13340.88 2710       0          
00002474730100011 036061  85554991202003132  99625.24 44   2264.21V   2264.21 2710       0          
00002474780100011 036011  85621122202003172 293444.64 48   6113.43V   6113.43 2710       0          
00002475090100011 036386  85622322202003172 223013.16 36   6194.81V   6194.81 2710       0          
00002475130100011 044295  85619685202003172 189284.40 36   5257.90V   5257.90 2710       0          
00002476320100011 044384  85621961202003172 480156.12 36  13337.67V  13337.67 2710       0          
00002477640100011 038119  85616794202003172  69486.90 30   2316.23V   2316.23 2710       0          
00002481790100011 039345  86567683202006022 226200.96 48   4712.52V   4712.52 2410       0          
00002481800100011 039345  86567690202006022 379313.76 48   7902.37V   7902.37 2410       0          
00002483390100011 040149  86539139202006012  54384.48 36   1510.68V   1510.68 2410       0          
00002484120100011 043474  86536049202006012 135414.72 36   3761.52V   3761.52 2410       0          
00002485120100011 041817  86730857202006122 286609.68 24  11942.07V  11942.07 2410       0          
00002485130100011 041817  86730834202006122  63497.28 24   2645.72V   2645.72 2410       0          
00002485390100011 037754  86833844202006262  88425.36 36   2456.26V   2456.26 2310       0          
00002485410100011 045614  86731103202006122 261664.32 24  10902.68V  10902.68 2410       0          
00002486100100011 035752  86837210202006262  59687.28 36   1657.98V   1657.98 2310       0          
00002486200100011 039867  86786584202006192 196133.04 36   5448.14V   5448.14 2410       0          
00002486490100011 047334  86801215202006222 261664.32 24  10902.68V  10902.68 2310       0          
00002486670100011 035212  86919548202007012 141967.08 36   3943.53V   3943.53 2310       0          
00002488200100011 045504  87134665202007152 159440.04 36   4428.89V   4428.89 2310       0          
00002488210100011 045504  87134658202007152 173199.96 36   4811.11V   4811.11 2310       0          
00002488410100011 045619  87086167202007132  49361.04 36   1371.14V   1371.14 2310       0          
00002488420100011 045619  87086197202007132 271485.00 36   7541.25V   7541.25 2310       0          
00002489230100011 042117  87139543202007162  60119.40 30   2003.98V   2003.98 2310       0          
00002490020100011 044357  87234563202007272 143392.08 24   5974.67V   5974.67 2210       0          
00002490030100011 044357  87234593202007272 158568.48 24   6607.02V   6607.02 2210       0          
00002490060100011 045069  87238730202007272 101998.08 36   2833.28V   2833.28 2210       0          
00002490070100011 045069  87238808202007272 387243.00 36  10756.75V  10756.75 2210       0          
00002490080100011 036899  87130948202007152 275968.56 24  11498.69V  11498.69 2310       0          
00002490190100011 041147  87170802202007212 174442.80 24   7268.45V   7268.45 2210       0          
00002490760100011 044613  87236926202007272  96028.80 48   2000.60V   2000.60 2210       0          
00002490770100011 044613  87236919202007272 634590.24 48  13220.63V  13220.63 2210       0          
00002491270100011 035394  87379386202008052 278846.88 24  11618.62V  11618.62 2210       0          
00002492020100011 040347  87465514202008112 191887.20 24   7995.30V   7995.30 2210       0          
00002492180100011 036375  87446583202008102  14633.64 36    406.49V    406.49 2210       0          
00002492190100011 036375  87446576202008102 375448.68 36  10429.13V  10429.13 2210       0          
00002493030100011 040811  87555634202008182 144118.08 36   4003.28V   4003.28 2210       0          
00002493040100011 040811  87555984202008182 370581.12 36  10293.92V  10293.92 2210       0          
00002493690100011 045707  87521269202008142 214564.80 24   8940.20V   8940.20 2210       0          
00002493740100011 043671  87521239202008142  76225.32 36   2117.37V   2117.37 2210       0          
00002494830100011 034889  87677612202008212  79545.84 24   3314.41V   3314.41 2110       0          
00002494850100011 046725  87736583202008252  11338.80 24    472.45V    472.45 2110       0          
00002494860100011 046725  87736576202008252 250500.00 24  10437.50V  10437.50 2110       0          
00002495790100011 047534  87789636202008292 442859.40 36  12301.65V  12301.65 2110       0          
00002495800100011 047520  87788511202008282 449053.20 36  12473.70V  12473.70 2110       0          
00002495980100011 047702  87788900202008282 598579.68 48  12470.41V  12470.41 2110       0          
00002496230100011 037753  87789659202008292 770502.24 48  16052.13V  16052.13 2110       0          
00002496370100011 037816  87788991202008282 238204.80 48   4962.60V   4962.60 2110       0          
00002496490100011 040462  87789308202008292 140056.92 36   3890.47V   3890.47 2110       0          
00002496680100011 042427  87910959202009042 261219.60 36   7256.10V   7256.10 2110       0          
00002496780100011 046140  87953345202009072 464234.04 36  12895.39V  12895.39 2110       0          
00002496830100011 039408  87948805202009072 422526.72 48   8802.64V   8802.64 2110       0          
00002496940100011 044598  87915295202009052 327616.56 36   9100.46V   9100.46 2110       0          
00002497060100011 038761  87915493202009052 421378.92 36  11704.97V  11704.97 2110       0          
00002497100100011 046023  87915097202009042  96089.18 29   3313.42V   3313.42 2110       0          
00002497110100011 046023  87915080202009042  76679.19 29   2644.11V   2644.11 2110       0          
00002497210100011 035950  87915112202009042 309488.40 36   8596.90V   8596.90 2110       0          
00002497960100011 036650  88260006202009292 147245.04 36   4090.14V   4090.14 2010       0          
00002497970100011 036650  88260013202009292  49736.16 36   1381.56V   1381.56 2010       0          
00002498390100011 039744  88046067202009122 104665.68 24   4361.07V   4361.07 2110       0          
00002498750100011 046025  88045966202009112  87221.52 24   3634.23V   3634.23 2110       0          
00002499050100011 043716  88150083202009222 137374.56 48   2861.97V   2861.97 2010       0          
00002499640100011 040520  88117006202009192 268347.36 48   5590.57V   5590.57 2010       0          
00002500200100011 035188  88135580202009212 232685.60 28   8310.20V   8310.20 2010       0          
00002500260100011 038819  88117189202009192  55223.70 30   1840.79V   1840.79 2010       0          
00002500440100011 042331  88148732202009222 136414.32 24   5683.93V   5683.93 2010       0          
00002501010100011 043907  88320300202010022 317788.20 36   8827.45V   8827.45 2010       0          
00002501020100011 043907  88320193202010022 172544.76 36   4792.91V   4792.91 2010       0          
00002501410100011 042714  88215953202009262  28393.56 36    788.71V    788.71 2010       0          
00002501420100011 042714  88215946202009262 313201.44 36   8700.04V   8700.04 2010       0          
00002501430100011 047308  88252345202009292 617797.44 48  12870.78V  12870.78 2010       0          
00002503220100011 045002  88358162202010052 436822.20 36  12133.95V  12133.95 2010       0          
00002503720100011 047390  88509394202010132 343999.45 29  11862.05V  11862.05 2010       0          
00002503730100011 046618  88692465202010272 261664.32 24  10902.68V  10902.68 1910       0          
00002504760100011 046154  88508820202010132 209331.60 24   8722.15V   8722.15 2010       0          
00002504960100011 036414  88610347202010212  68581.08 36   1905.03V   1905.03 1910       0          
00002504970100011 036414  88610354202010212 168176.52 36   4671.57V   4671.57 1910       0          
00002506450100011 043153  88668291202010262 123679.92 24   5153.33V   5153.33 1910       0          
00002506710100011 037448  88876740202011052 139625.70 30   4654.19V   4654.19 1910       0          
00002506720100011 037448  88876757202011052 140604.90 30   4686.83V   4686.83 1910       0          
00002509010100011 040825  88918796202011092  39792.24 36   1105.34V   1105.34 1910       0          
00002509050100011 040482  89068374202011182  25257.12 24   1052.38V   1052.38 1810       0          
00002509060100011 040482  89068299202011182 185983.92 24   7749.33V   7749.33 1810       0          
00002509130100011 046497  88920928202011092 113388.00 24   4724.50V   4724.50 1910       0          
00002509350100011 046731  88889922202011062  14973.00 60    249.55V    249.55 1910       0          
00002509360100011 046731  88889945202011062 626646.60 60  10444.11V  10444.11 1910       0          
00002509980100011 042034  88878287202011052  42913.20 24   1788.05V   1788.05 1910       0          
00002509990100011 042034  88878517202011052 109964.40 24   4581.85V   4581.85 1910       0          
00002510150100011 045589  89064062202011182 176622.96 24   7359.29V   7359.29 1810       0          
00002510260100011 045646  89063099202011182  16425.84 24    684.41V    684.41 1810       0          
00002510270100011 045646  89063082202011182 109329.60 24   4555.40V   4555.40 1810       0          
00002511710100011 043605  89121438202011242  88311.36 24   3679.64V   3679.64 1810       0          
00002513460100011 043824  89459588202012102 637888.40 40  15947.21V  15947.21 1810       0          
00002514340100011 043267  89460404202012102 176622.96 24   7359.29V   7359.29 1810       0          
00002514630100011 035615  89487807202012142 104568.84 36   2904.69V   2904.69 1810       0          
00002514640100011 035615  89488212202012142 341013.96 36   9472.61V   9472.61 1810       0          
00002515480100011 042573  89502954202012162 118779.84 48   2474.58V   2474.58 1810       0          
00002515490100011 042573  89503025202012162 511225.92 48  10650.54V  10650.54 1810       0          
00002516560100011 042117  89544524202012212 144346.80 40   3608.67V   3608.67 1710       0          
00002516690100011 046058  89554401202012212  54964.25 25   2198.57V   2198.57 1710       0          
00002517070100011 036129  89568035202012212  70701.60 48   1472.95V   1472.95 1610       0          
00002517080100011 036129  89568088202012212 741821.28 48  15454.61V  15454.61 1610       0          
00002517220100011 042047  89632365202012282 106774.56 24   4448.94V   4448.94 1710       0          
00002517310100011 048027  89628468202012282 178389.12 24   7432.88V   7432.88 1710       0          
00002517830100011 036540  89992952202101152 449578.80 36  12488.30V  12488.30 1710       0          
00002518540100011 043661  89711032202012302  88049.04 24   3668.71V   3668.71 1710       0          
00002518640100011 039864  89982586202101152 139087.20 30   4636.24V   4636.24 1710       0          
00002518920100011 044598  89854195202101082 161404.20 36   4483.45V   4483.45 1710       0          
00002519670100011 048058  89892344202101112 478218.60 36  13283.85V  13283.85 1710       0          
00002520070100011 043164  89854227202101082  89915.76 36   2497.66V   2497.66 1710       0          
00002520790100011 040134  90037367202101192  85743.18 18   4763.51V   4763.51 1710       0          
00002520800100011 040134  90037595202101192 152778.78 18   8487.71V   8487.71 1710       0          
00002520960100011 045221  90020865202101182 111007.08 36   3083.53V   3083.53 1710       0          
00002521360100011 048026  90051577202101202 476220.60 36  13228.35V  13228.35 1710       0          
00002521890100011 038003  90014865202101182 176622.96 24   7359.29V   7359.29 1710       0          
00002523270100011 039646  90229761202101282 298044.30 30   9934.81V   9934.81 1610       0          
00002525840100011 036129  90243621202101302  89366.76 36   2482.41V   2482.41 1510       0          
00002526420100011 042811  90317536202102032 358945.92 48   7478.04V   7478.04 1610       0          
00002527190100011 044019  90244753202101302 218470.08 48   4551.46V   4551.46 1610       0          
00002527250100011 044233  90253126202102012 326222.64 24  13592.61V  13592.61 1610       0          
00002527360100011 038119  90242672202101292 157150.80 36   4365.30V   4365.30 1610       0          
00002528390100011 038528  90399966202102082 264934.32 24  11038.93V  11038.93 1610       0          
00002528450100011 044005  90356395202102062 264934.32 24  11038.93V  11038.93 1610       0          
00002528550100011 035596  90352602202102052  40811.42 26   1569.67V   1569.67 1610       0          
00002528560100011 035596  90352656202102052 277775.94 26  10683.69V  10683.69 1610       0          
00002528730100011 036380  90353566202102062 330904.34 26  12727.09V  12727.09 1610       0          
00002528960100011 044536  90401642202102082  97435.44 18   5413.08V   5413.08 1610       0          
00002529150100011 040444  90352679202102052 264934.32 24  11038.93V  11038.93 1610       0          
00002529980100011 039876  90487271202102112 402210.00 36  11172.50V  11172.50 1610       0          
00002529990100011 039876  90487258202102112 207803.52 36   5772.32V   5772.32 1610       0          
00002532510100011 035614  90502398202102132  27023.28 24   1125.97V   1125.97 1610       0          
00002532520100011 035614  90502245202102132  33028.56 24   1376.19V   1376.19 1610       0          
00002533320100011 044752  90611647202102222  16014.96 24    667.29V    667.29 1510       0          
00002533330100011 044752  90606578202102222 199915.92 24   8329.83V   8329.83 1510       0          
00002534990100011 040559  90837377202103052 211268.16 48   4401.42V   4401.42 1510       0          
00002535550100011 044763  90660575202102242 210077.40 60   3501.29V   3501.29 1510       0          
00002535560100011 044763  90660599202102242 242991.60 60   4049.86V   4049.86 1510       0          
00002537330100011 039900  90708939202102272 484588.44 36  13460.79V  13460.79 1510       0          
00002537780100011 035906  90742454202103012 158077.44 24   6586.56V   6586.56 1510       0          
00002539590100011 045756  90839457202103052 179942.16 24   7497.59V   7497.59 1510       0          
00002540510100011 039050  90928125202103102 250256.88 36   6951.58V   6951.58 1510       0          
00002540520100011 039050  90928118202103102 382210.56 36  10616.96V  10616.96 1510       0          
00002540790100011 038787  90841954202103062 364255.68 24  15177.32V  15177.32 1510       0          
00002541400100011 042233  91027237202103172 129767.22 18   7209.29V   7209.29 1510       0          
00002542540100011 044694  90979318202103132 269913.36 24  11246.39V  11246.39 1510       0          
00002543600100011 042768  90974003202103122 143413.92 24   5975.58V   5975.58 1230       0          
00002544860100011 035752  91055836202103202  97997.76 48   2041.62V   2041.62 1510       0          
00002544870100011 035752  91055866202103202 185524.32 48   3865.09V   3865.09 1510       0          
00002545120100011 045455  91054468202103202 235692.72 24   9820.53V   9820.53 1510       0          
00002545570100011 042137  91391363202104092 819371.52 48  17070.24V  17070.24 1410       0          
00002546470100011 038315  91072129202103222 271370.40 24  11307.10V  11307.10 1410       0          
00002547310100011 048098  91148975202103272 326343.60 24  13597.65V  13597.65 1410       0          
00002547460100011 046286  91248989202103312 562284.00 36  15619.00V  15619.00 1410       0          
00002548970100011 043855  91216984202103302 172887.36 48   3601.82V   3601.82 1410       0          
00002548980100011 043855  91216954202103302 422861.76 48   8809.62V   8809.62 1410       0          
00002554520100011 044598  91533125202104162  96951.54 42   2308.37V   2308.37 1410       0          
00002554860100011 042811  91571435202104202 370457.76 48   7717.87V   7717.87 1410       0          
00002555170100011 037952  91533729202104162  89971.20 24   3748.80V   3748.80 1410       0          
00002555380100011 043776  91572091202104202  72851.04 24   3035.46V   3035.46 1410       0          
00002555660100011 045707  91533551202104162 107965.44 24   4498.56V   4498.56 1410       0          
00002557410100011 041861  91638421202104242 976800.00 48  20350.00V  20350.00 1310       0          
00002557490100011 047306  91951165202105112 138375.00 12  11531.25V  11531.25 1210       0          
00002557500100011 046988  91838576202105042 356732.07 23  15510.09V  15510.09 1310       0          
00002558060100011 034979  91635768202104232 128140.38 18   7118.91V   7118.91 1310       0          
00002559070100011 046140  91771283202104292 164159.01 37   4436.73V   4436.73 1310       0          
00002559120100011 043457  91908208202105072 566448.48 48  11801.01V  11801.01 1310       0          
00002560130100011 044536  91842190202105042 107626.08 48   2242.21V   2242.21 1310       0          
00002560160100011 045111  91841075202105042 109056.00 24   4544.00V   4544.00 1310       0          
00002560400100011 039334  91819340202105032 300812.64 48   6266.93V   6266.93 1310       0          
00002560410100011 039334  91819357202105032 173211.84 48   3608.58V   3608.58 1310       0          
00002560590100011 036213  91842307202105042 192209.58 18  10678.31V  10678.31 1310       0          
00002561810100011 045607  91835700202105042 460539.00 36  12792.75V  12792.75 1310       0          
00002562130100011 046809  91918177202105102  35988.48 24   1499.52V   1499.52 1210       0          
00002562630100011 042139  91915187202105082 341259.48 36   9479.43V   9479.43 1310       0          
00002562660100011 042047  91917900202105082 217562.40 24   9065.10V   9065.10 1310       0          
00002563610100011 037754  92126352202105212  48913.92 36   1358.72V   1358.72 1210       0          
00002563710100011 042432  92067999202105182 139773.36 12  11647.78V  11647.78 1210       0          
00002564820100011 037009  92054542202105172 125541.36 12  10461.78V  10461.78 1210       0          
00002566560100011 037952  92188760202105262 111564.24 24   4648.51V   4648.51 1210       0          
00002567570100011 039238  92188631202105262 125959.68 24   5248.32V   5248.32 1210       0          
00002568160100011 036414  92249356202105282 223183.44 36   6199.54V   6199.54 1210       0          
00002568440100011 042361  92379772202106032 352866.96 24  14702.79V  14702.79 1210       0          
00002568460100011 043437  92385904202106032 309348.24 24  12889.51V  12889.51 1210       0          
00002569120100011 047775  92397587202106042 839476.80 48  17489.10V  17489.10 1210       0          
00002569580100011 038782  92497348202106052 633607.20 30  21120.24V  21120.24 1210       0          
00002571800100011 047334  92738419202106142 143953.92 24   5998.08V   5998.08 1210       0          
00002572270100011 038288  92735373202106142 271918.08 24  11329.92V  11329.92 1210       0          
00002572310100011 040264  92789099202106172 222819.48 36   6189.43V   6189.43 1210       0          
00002572330100011 037691  92772871202106162 175836.24 18   9768.68V   9768.68 1210       0          
00002573410100011 041385  92734982202106142  81957.60 24   3414.90V   3414.90 1210       0          
00002573810100011 044044  92759557202106152  95910.66 18   5328.37V   5328.37 1210       0          
00002573980100011 044606  92826686202106222 577671.00 60   9627.85V   9627.85 1110       0          
00002575040100011 045546  92830645202106222  84238.20 12   7019.85V   7019.85 1110       0          
00002577900100011 040051  93057617202107052  98050.56 12   8170.88V   8170.88 1110       0          
00002579150100011 045050  93228118202107152 289707.12 24  12071.13V  12071.13 1110       0          
00002579160100011 045050  93228079202107152 161948.16 24   6747.84V   6747.84 1110       0          
00002580330100011 038782  93353180202107162  76295.16 36   2119.31V   2119.31 1110       0          
00002580820100011 044768  93420402202107222  74491.02 18   4138.39V   4138.39 1010       0          
00002581040100011 043661  93495099202107272 134776.80 24   5615.70V   5615.70 1010       0          
00002581140100011 045607  93494402202107272 399519.00 36  11097.75V  11097.75 1010       0          
00002581530100011 036380  93472520202107262 152951.04 24   6372.96V   6372.96 1010       0          
00002581540100011 036380  93472506202107262 107785.44 24   4491.06V   4491.06 1010       0          
00002581710100011 038391  93472161202107262 364010.04 36  10111.39V  10111.39 1010       0          
00002582090100011 035772  93474050202107262 159790.47 21   7609.07V   7609.07 1010       0          
00002585160100011 047772  93771749202108112 223860.48 48   4663.76V   4663.76 1010       0          
00002586560100011 040273  93933945202108242 325108.20 60   5418.47V   5418.47  910       0          
00002586570100011 040273  93933915202108242 359365.20 60   5989.42V   5989.42  910       0          
00002586790100011 043906  93842022202108172 238563.00 36   6626.75V   6626.75 1010       0          
00002587730100011 043161  94086957202108312 215941.20 40   5398.53V   5398.53  910       0          
00002588210100011 047057  93937051202108242 181399.20 24   7558.30V   7558.30  910       0          
00002588220100011 047057  93937098202108242 266755.92 24  11114.83V  11114.83  910       0          
00002588480100011 039619  93891426202108212 381900.00 60   6365.00V   6365.00  910       0          
00002588490100011 039619  93891433202108212 163740.00 60   2729.00V   2729.00  910       0          
00002589410100011 038003  93889484202108202 227506.32 36   6319.62V   6319.62 1010       0          
00002591330100011 044360  94267397202109092 103535.10 18   5751.95V   5751.95  910       0          
00002591960100011 044295  94062003202108302 546952.68 36  15193.13V  15193.13  910       0          
00002592280100011 036386  94148164202109032 442870.06 34  13025.59V  13025.59  910       0          
00002592470100011 042427  94140379202109032 154801.08 36   4300.03V   4300.03  910       0          
00002592500100011 041105  94186466202109062 235116.00 18  13062.00V  13062.00  910       0          
00002592510100011 041105  94186511202109062  73799.46 18   4099.97V   4099.97  910       0          
00002593090100011 047189  94139691202109032 449999.40 30  14999.98V  14999.98  910       0          
00002593130100011 036384  94145197202109032 443768.34 34  13052.01V  13052.01  910       0          
00002593610100011 037743  94186541202109062 214844.50 13  16526.50V  16526.50  910       0          
00002593630100011 042233  94182398202109062 140166.96 12  11680.58V  11680.58  910       0          
00002594380100011 041007  94348181202109152 568765.44 36  15799.04V  15799.04  910       0          
00002595030100011 038971  94270026202109092 209659.08 12  17471.59V  17471.59  910       0          
00002595270100011 044334  94274093202109102 160335.18 18   8907.51V   8907.51  910       0          
00002596680100011 035614  94358557202109162 160174.80 18   8898.60V   8898.60  910       0          
00002597110100011 046626  94375117202109172 273330.36 36   7592.51V   7592.51  910       0          
00002597230100011 037298  94284811202109112 126050.64 24   5252.11V   5252.11  910       0          
00002597240100011 037298  94284789202109112 241197.60 24  10049.90V  10049.90  910       0          
00002597270100011 045390  94284247202109112  55655.64 12   4637.97V   4637.97  910       0          
00002597510100011 042054  94346255202109152 269913.36 24  11246.39V  11246.39  910       0          
00002599650100011 047464  94531577202109282  99847.65 15   6656.51V   6656.51  810       0          
00002599940100011 044283  94458813202109232 379702.62 33  11506.14V  11506.14  810       0          
00002600010100011 043457  94535675202109282 145753.20 24   6073.05V   6073.05  810       0          
00002601380100011 040442  94533145202109282 273512.40 24  11396.35V  11396.35  810       0          
00002602240100011 035394  94554772202109292 299240.25 15  19949.35V  19949.35  810       0          
00002602460100011 046058  94575134202109302 517407.36 48  10779.32V  10779.32  810       0          
00002602470100011 046058  94575140202109302 491732.16 48  10244.42V  10244.42  810       0          
00002604340100011 040281  94793049202110132 416336.40 36  11564.90V  11564.90  810       0          
00002604540100011 045745  94595041202110012 230061.00 60   3834.35V   3834.35  810       0          
00002605120100011 038782  94636225202110042  41804.64 24   1741.86V   1741.86  810       0          
00002606030100011 042774  94821393202110142 153751.32 12  12812.61V  12812.61  810       0          
00002607580100011 040478  94836037202110152 240544.08 18  13363.56V  13363.56  810       0          
00002608270100011 043776  94831270202110152  72851.52 24   3035.48V   3035.48  810       0          
00002608470100011 038832  94933136202110222 556254.24 48  11588.63V  11588.63  710       0          
00002609540100011 045724  94953839202110232 363707.28 36  10102.98V  10102.98  710       0          
00002609550100011 045724  94953691202110232 453347.28 36  12592.98V  12592.98  710       0          
00002609780100011 043906  94935345202110222 177023.04 48   3687.98V   3687.98  710       0          
00002610730100011 036083  94832526202110152 251919.12 24  10496.63V  10496.63  810       0          
00002611490100011 044019  94932820202110222 197358.24 48   4111.63V   4111.63  710       0          
00002611550100011 037754  94952972202110232  69389.28 36   1927.48V   1927.48  710       0          
00002614990100011 046140  94987357202110252 225934.20 36   6275.95V   6275.95  710       0          
00002616440100011 041064  95177689202111032 546484.80 24  22770.20V  22770.20  710       0          
00002617430100011 041402  95127580202111012 329977.80 60   5499.63V   5499.63  710       0          
00002617440100011 041402  95127597202111012  68182.20 60   1136.37V   1136.37  710       0          
00002617540100011 044534  95124219202111012 119841.60 24   4993.40V   4993.40  710       0          
00002618150100011 044233  95093095202110302  89734.56 24   3738.94V   3738.94  710       0          
00002618220100011 039619  95144256202111022 109918.80 60   1831.98V   1831.98  710       0          
00002618680100011 044665  952067512021110421257455.04 48  26196.98V  26196.98  710       0          
00002618690100011 044665  95206714202111042 156861.60 48   3267.95V   3267.95  710       0          
00002619220100011 043019  95221682202111052 395639.04 24  16484.96V  16484.96  710       0          
00002620180100011 047939  95317591202111112 128139.84 18   7118.88V   7118.88  710       0          
00002621500100011 043456  95442719202111232 139890.72 12  11657.56V  11657.56  610       0          
00002622070100011 040444  95332324202111122 494841.36 24  20618.39V  20618.39  610       0          
00002623560100011 038383  95445204202111232 160675.56 18   8926.42V   8926.42  610       0          
00002624120100011 045646  95410615202111192 354832.66 26  13647.41V  13647.41  610       0          
00002624200100011 045596  95448156202111232  62979.84 24   2624.16V   2624.16  610       0          
00002624280100011 044813  95443062202111232 139890.72 12  11657.56V  11657.56  610       0          
00002624910100011 038111  95468941202111242 176113.80 12  14676.15V  14676.15  610       0          
00002625860100011 045111  95644976202112012 363519.84 24  15146.66V  15146.66  610       0          
00002626210100011 046719  95529759202111262 269913.36 24  11246.39V  11246.39  610       0          
00002627680100011 045635  95771662202112092  69890.16 12   5824.18V   5824.18  610       0          
00002628620100011 044705  957991582021121321490280.00 60  24838.00V  24838.00  610       0          
00002628770100011 042222  95814696202112142 215930.64 24   8997.11V   8997.11  610       0          
00002629460100011 037261  95793407202112112 661698.57 39  16966.63V  16966.63  610       0          
00002629470100011 037261  95793414202112112 250268.85 39   6417.15V   6417.15  610       0          
00002630720100011 042383  95879148202112212 459608.40 36  12766.90V  12766.90  510       0          
00002630730100011 042383  95879185202112212  14509.08 36    403.03V    403.03  510       0          
00002630890100011 044145  95847587202112172 476118.36 36  13225.51V  13225.51  610       0          
00002632020100011 045376  95865575202112202 306000.00 36   8500.00V   8500.00  610       0          
00002632590100011 046682  95926994202112232 145702.32 24   6070.93V   6070.93  510       0          
00002632710100011 047702  95929657202112232 203864.40 60   3397.74V   3397.74  510       0          
00002633680100011 043763  96056017202201032 582809.04 24  24283.71V  24283.71  510       0          
00002634880100011 042435  96215598202201122 341259.48 36   9479.43V   9479.43  510       0          
00002635060100011 045345  96246378202201152 286124.80 13  22009.60V  22009.60  510       0          
00002635940100011 039849  96238199202201132 152951.04 24   6372.96V   6372.96  510       0          
00002635960100011 038782  96244703202201142  15985.08 18    888.06V    888.06  510       0          
00002636000100011 038761  96231621202201132  90668.76 12   7555.73V   7555.73  510       0          
00002636020100011 036150  96235865202201132 295380.00 20  14769.00V  14769.00  510       0          
00002636030100011 036150  96235871202201132 148560.00 20   7428.00V   7428.00  510       0          
00002636200100011 045603  96291805202201182 273562.56 36   7598.96V   7598.96  510       0          
00002636210100011 045603  96291780202201182 590289.84 36  16396.94V  16396.94  510       0          
00002636230100011 045707  96215376202201122 233925.12 24   9746.88V   9746.88  510       0          
00002636430100011 037158  96234321202201132  89702.28 18   4983.46V   4983.46  510       0          
00002637040100011 039614  96302834202201192 480524.22 18  26695.79V  26695.79  510       0          
00002638030100011 046766  96349976202201222 283047.60 24  11793.65V  11793.65  410       0          
00002638040100011 046766  96349960202201222 327620.88 24  13650.87V  13650.87  410       0          
00002640310100011 034936  96622705202202042 250991.04 24  10457.96V  10457.96  410       0          
00002640320100011 034936  96622667202202042 340223.04 24  14175.96V  14175.96  410       0          
00002640540100011 038388  96624457202202052 290514.96 12  24209.58V  24209.58  410       0          
00002640900100011 039916  96690945202202072 196693.56 18  10927.42V  10927.42  410       0          
00002642330100011 041064  96783802202202142  76774.32 36   2132.62V   2132.62  410       0          
00002643200100011 043457  96778415202202122 193966.32 24   8081.93V   8081.93  410       0          
00002644920100011 046035  96845291202202182 574502.16 24  23937.59V  23937.59  410       0          
00002645990100011 037751  96899468202202222 142072.20 12  11839.35V  11839.35  130       0          
00002646350100011 040889  97051960202203032 288600.00 60   4810.00V   4810.00  310       0          
00002646360100011 040889  97051953202203032 146758.80 60   2445.98V   2445.98  310       0          
00002646500100011 036901  968578832022021921200057.00 60  20000.95V  20000.95  410       0          
00002646640100011 040262  96847044202202182 987997.72 38  25999.94V  25999.94  410       0          
00002646710100011 043147  96878489202202212 229270.68 36   6368.63V   6368.63  310       0          
00002646720100011 043147  96878558202202212 373341.60 36  10370.60V  10370.60  310       0          
00002647470100011 046017  96945885202202242 372873.84 24  15536.41V  15536.41  310       0          
00002647960100011 035652  96959587202202262 222974.50 14  15926.75V  15926.75  310       0          
00002648200100011 040815  970663432022030521686763.20 60  28112.72V  28112.72  310       0          
00002650790100011 037754  97250251202203162 192318.28 44   4370.87V   4370.87  310       0          
00002650860100011 044793  97241581202203152 479548.44 36  13320.79V  13320.79  310       0          
00002650880100011 046018  97313737202203212 781379.66 43  18171.62V  18171.62  210       0          
00002652400100011 040996  97288778202203192 304422.30 15  20294.82V  20294.82  310       0          
00002653280100011 043970  97288428202203192 316860.00 12  26405.00V  26405.00  310       0          
00002653320100011 037165  97284199202203182 261472.08 24  10894.67V  10894.67  310       0          
00002653410100011 036454  97284511202203182 268837.44 24  11201.56V  11201.56  310       0          
00002653420100011 036454  97284528202203182 172718.88 24   7196.62V   7196.62  310       0          
00002654260100011 045756  97328072202203222 306619.56 18  17034.42V  17034.42  210       0          
00002654600100011 043418  97377872202203252 161224.20 18   8956.90V   8956.90  210       0          
00002655820100011 043155  97674624202204122 100780.20 12   8398.35V   8398.35  210       0          
00002656510100011 044355  97643836202204112 224645.04 24   9360.21V   9360.21  210       0          
00002656790100011 046154  97589572202204072 184135.20 24   7672.30V   7672.30  210       0          
00002656950100011 044669  97605890202204082 375329.88 36  10425.83V  10425.83  210       0          
00002658930100011 044316  97648844202204112 140863.44 24   5869.31V   5869.31  210       0          
00002660090100011 044145  97702419202204132 297148.32 24  12381.18V  12381.18  210       0          
00002660100100011 044145  97702402202204132 105848.40 24   4410.35V   4410.35  210       0          
00002660580100011 045661  97747702202204182 270348.00 12  22529.00V  22529.00  210       0          
00002661260100011 045730  97819497202204222 508553.43 19  26765.97V  26765.97  110       0          
00002661940100011 042419  97871056202204262 286401.72 12  23866.81V  23866.81  110       0          
00002662350100011 044873  97820541202204222 187519.68 24   7813.32V   7813.32  110       0          
00002665860100011 046998  98067659202205062 218130.36 12  18177.53V  18177.53  110       0          
00002666750100011 039736  980681192022050621157903.64 36  32163.99V  32163.99  110       0          
00002666760100011 039736  98068102202205062 134082.72 36   3724.52V   3724.52  110       0          
