00002596701202281 034416         1202109142  98100.00 48   6294.00F   6294.00  910       0          
00002597491202281 031063         2202109152 288000.00 24  23928.62F  23928.62  910       0          
00002621821202281 041743         32021111022392929.29 24  29088.23F  29088.23  810       0          
00002624781202281 031063         4202111252 174747.00 24  12936.41F  12936.41  710       0          
00002632791202281 033963         5202112302 418182.00 24  30958.00F  30958.00  610       0          
00002643661202281 040194         6202202162  78788.00 24   5833.00F   5833.00  35220220412          
00002657661202281 042531         8202204082 391920.00 48  22404.71F  22404.71  210       0          
00002658811202281 031343         7202204082  46465.00 48   2656.23F   2656.23  210       0          
00002664801202281 043368         8202204282 193000.00 24  14806.00F  14806.00  120       0          
00002670791202281 034416        10202205192  71717.00 48   4377.14F   4377.14  020       0          
00002672751202281 031457         9202205232 237374.00 48  14490.00F  14490.00  020       0          
