00001481540 51832 027540       432200910301     27.00  0     27.00V     27.00  020       0          
00001485960 51832 025076       459200911161     27.00  0     27.00V     27.00  020       0          
00001489500 51832 035725       475200911201     27.00  0     27.00V     27.00  020       0          
00001494780 51832 024670       503200912101     27.00  0     27.00V     27.00  020       0          
00001514470 51832 030072       580201002182     27.00  0     27.00V     27.00  020       0          
00001536400 51832 031556       655201004201     27.00  0     27.00V     27.00  020       0          
00001539320 51832 031642       663201004261     27.00  0     27.00V     27.00  020       0          
00001543090 51832 037410       680201005071     27.00  0     27.00V     27.00  020       0          
00001544900 51832 030317       719201005311     27.00  0     27.00V     27.00  020       0          
00001556320 51832 036772       738201006181     27.00  0     27.00V     27.00  020       0          
00001559770 51832 026494       755201006301     27.00  0     27.00V     27.00  020       0          
00001561960 51832 027816       777201007221     27.00  0     27.00V     27.00  020       0          
00001572330 51832 026397       807201008201     27.00  0     27.00V     27.00  020       0          
00001615650 51831 031556       655201004201     27.00  0     27.00V     27.00  010       0          
00001615660 51831 029970       476200911201     27.00  0     27.00V     27.00  05220200407          
00001624520 51831 025076       459200911161     27.00  0     27.00V     27.00  04120151221          
00001624530 51831 035725       475200911201     27.00  0     27.00V     27.00  010       0          
00001624540 51831 031642       663201004261     27.00  0     27.00V     27.00  010       0          
00001626090 51831 027540       432200910301     27.00  0     27.00V     27.00  04120170515          
00001626910 51831 024670       503200912101     27.00  0     27.00V     27.00  04120151221          
00001626920 51831 030072       580201002181     27.00  0     27.00V     27.00  090       0          
