00002239421200271 036907   1002045201703222   2496.60 60     41.61F     41.61 6060       00000000000
00002239431200271 036907   1002045201703222 240771.00 60   4012.85F   4012.85 6060       00000000000
00002239821200271 042214   1002835201703282 213885.00 60   3564.75F   3564.75 6054201802210000000000
00002245671200271 032199   1005391201704212 489711.60 60   8161.86F   8161.86 5954201802210000000000
00002247901200271 041800   1007075201705102  32361.60 60    539.36F    539.36 5954201802210000000000
00002247911200271 041800   1007075201705102 103434.00 60   1723.90F   1723.90 5954201802210000000000
00002254151200271 039313   1009312201706062  26538.00 60    442.30F    442.30 6010       00000000000
00002254161200271 039313   1009312201706062  22698.00 60    378.30F    378.30 6010       00000000000
00002254351200271 040894   1008944201705312  64324.20 60   1072.07F   1072.07 5930       00000000000
00002255221200271 042446   1009509201706082  32029.80 60    533.83F    533.83 5852202205310000000000
00002255471200271 040500   1009267201706052  24748.20 60    412.47F    412.47 6010       00000000000
00002255481200271 040500   1009267201706052 243931.20 60   4065.52F   4065.52 6010       00000000000
00002258081200271 038078   1009971201706132  25433.40 60    423.89F    423.89 6010       00000000000
00002258091200271 038078   1009971201706132 127568.40 60   2126.14F   2126.14 6010       00000000000
00002260701200271 036014   1011188201707052   5432.40 60     90.54F     90.54 5910       00000000000
00002260711200271 036014   1011188201707052 297659.40 60   4960.99F   4960.99 5910       00000000000
00002262611200271 042132   1011692201707132 433063.80 60   7217.73F   7217.73 5910       00000000000
00002263861200271 036054   1012623201707262 143425.20 60   2390.42F   2390.42 5810       00000000000
00002263871200271 036054   1012623201707262 417757.80 60   6962.63F   6962.63 5810       00000000000
00002264811200271 033064   1012908201708012  65437.80 60   1090.63F   1090.63 5810       00000000000
00002264821200271 033064   1012908201708012 191065.20 60   3184.42F   3184.42 5810       00000000000
00002264871200271 036780   1012999201708022 384013.80 60   6400.23F   6400.23 5810       00000000000
00002264881200271 036780   1012999201708022  41373.60 60    689.56F    689.56 5810       00000000000
00002265181200271 036907   1013080201708032   5391.60 60     89.86F     89.86 5730       00000000000
00002265191200271 036907   1013080201708032  76138.80 60   1268.98F   1268.98 5730       00000000000
00002265951200271 043001   1014649201708242 148237.20 60   2470.62F   2470.62 5710       00000000000
00002266581200271 030722   1014063201708162  81817.20 60   1363.62F   1363.62 5810       00000000000
00002266591200271 030722   1014063201708162 104008.20 60   1733.47F   1733.47 5810       00000000000
00002268171200271 038832   1014426201708222   8701.80 60    145.03F    145.03 5710       00000000000
00002268181200271 038832   1014426201708222 306566.40 60   5109.44F   5109.44 5710       00000000000
00002269021200271 032191   1014718201708242 158825.40 60   2647.09F   2647.09 5552202205120000000000
00002269501200271 041818   1015600201709052 285356.40 60   4755.94F   4755.94 5710       00000000000
00002269831200271 039670   1015129201708302 123695.40 60   2061.59F   2061.59 5710       00000000000
00002269841200271 039670   1015129201708302  60807.00 60   1013.45F   1013.45 5710       00000000000
00002271071200271 036862   1015706201709062 105439.20 60   1757.32F   1757.32 5710       00000000000
00002271081200271 036862   1015706201709062 163770.00 60   2729.50F   2729.50 5710       00000000000
00002271821200271 032405   1015187201708302 128383.80 60   2139.73F   2139.73 5710       00000000000
00002272521200271 040894   1015990201709082  92648.40 60   1544.14F   1544.14 5630       00000000000
00002273811200271 032186   1015493201709042  47087.40 60    784.79F    784.79 5710       00000000000
00002273821200271 032186   1015493201709042  22266.60 60    371.11F    371.11 5710       00000000000
00002273971200271 036907   1016031201709082  31038.60 60    517.31F    517.31 5630       00000000000
00002273981200271 036907   1016031201709082 175434.60 60   2923.91F   2923.91 5630       00000000000
00002274371200271 039313   1017142201709202  99530.40 60   1658.84F   1658.84 5610       00000000000
00002274791200271 042719   1015708201709062 372524.40 60   6208.74F   6208.74 5710       00000000000
00002274801200271 042719   1015708201709062 143658.00 60   2394.30F   2394.30 5710       00000000000
00002274871200271 037412   1015770201709062 124415.40 60   2073.59F   2073.59 5710       00000000000
00002274881200271 037412   1015770201709062 497915.40 60   8298.59F   8298.59 5710       00000000000
00002275051200271 033064   1016568201709142 152207.40 60   2536.79F   2536.79 5710       00000000000
00002275071200271 036347   1016441201709132 101907.00 60   1698.45F   1698.45 5610       00000000000
00002275081200271 036347   1016441201709132 331156.80 60   5519.28F   5519.28 5610       00000000000
00002275981200271 033973   1015845201709072 117789.60 60   1963.16F   1963.16 5710       00000000000
00002275991200271 033973   1015845201709072  84183.60 60   1403.06F   1403.06 5710       00000000000
00002276041200271 039275   1016291201709122  86598.60 60   1443.31F   1443.31 5610       00000000000
00002276051200271 039275   1016291201709122 203787.00 60   3396.45F   3396.45 5610       00000000000
00002278001200271 032161   1016397201709132 137704.80 60   2295.08F   2295.08 5610       00000000000
00002278011200271 032161   1016397201709132  63209.40 60   1053.49F   1053.49 5610       00000000000
00002278021200271 042148   1017462201709252  31864.80 60    531.08F    531.08 5610       00000000000
00002278031200271 042148   1017462201709252 405963.60 60   6766.06F   6766.06 5610       00000000000
00002278351200271 042364   1016499201709142  69618.60 60   1160.31F   1160.31 5710       00000000000
00002280241200271 032819   1017175201709212 141883.80 60   2364.73F   2364.73 5610       00000000000
00002281671200271 036738   1017109201709202 148860.60 60   2481.01F   2481.01 5610       00000000000
00002281681200271 036738   1017109201709202  89642.40 60   1494.04F   1494.04 5610       00000000000
00002281771200271 042744   1017347201709222 512476.80 60   8541.28F   8541.28 5610       00000000000
00002282201200271 040934   1017706201709272  39706.20 60    661.77F    661.77 5610       00000000000
00002283101200271 036472   1017748201709272 455252.40 60   7587.54F   7587.54 5610       00000000000
00002283111200271 036472   1017748201709272  47694.60 60    794.91F    794.91 5610       00000000000
00002284751200271 044098   1017491201709252 381975.00 60   6366.25F   6366.25 5610       00000000000
00002284991200271 043770   1017682201709272 142942.80 60   2382.38F   2382.38 5610       00000000000
00002286161200271 034718   1018224201710042 128383.80 60   2139.73F   2139.73 5610       00000000000
00002286221200271 034507   1018369201710052 398386.80 60   6639.78F   6639.78 5610       00000000000
00002286261200271 034459   1018244201710042 253011.00 60   4216.85F   4216.85 5610       00000000000
00002286271200271 034459   1018244201710042 273759.60 60   4562.66F   4562.66 5610       00000000000
00002286941200271 033953   1018260201710042 118723.20 60   1978.72F   1978.72 5610       00000000000
00002286951200271 033953   1018260201710042 149691.60 60   2494.86F   2494.86 5610       00000000000
00002287091200271 030293   1019150201710132  12157.20 60    202.62F    202.62 5610       00000000000
00002287101200271 030293   1019150201710132 449760.00 60   7496.00F   7496.00 5610       00000000000
00002289881200271 030893   1020545201710312 277944.60 60   4632.41F   4632.41 5510       00000000000
00002289911200271 032756   1019116201710132 177355.20 60   2955.92F   2955.92 5610       00000000000
00002291421200271 037075   1019510201710192 348933.42 54   6461.73F   6461.73 5354201802210000000000
00002291431200271 037075   1019510201710192 227037.06 54   4204.39F   4204.39 5354201802210000000000
00002291851200271 034847   1019429201710182  93706.80 60   1561.78F   1561.78 5610       00000000000
00002292161200271 041350   1019666201710202 389344.80 60   6489.08F   6489.08 5510       00000000000
00002292171200271 041350   1019666201710202 135837.60 60   2263.96F   2263.96 5510       00000000000
00002292181200271 036907   1019491201710182  76236.00 60   1270.60F   1270.60 5530       00000000000
00002292401200271 045127   1019915201710242 264709.20 60   4411.82F   4411.82 5510       00000000000
00002292841200271 032261   1019642201710202  23641.80 60    394.03F    394.03 5510       00000000000
00002292851200271 032261   1019642201710202 440922.60 60   7348.71F   7348.71 5510       00000000000
00002294391200271 042227   1020059201710252 116253.60 60   1937.56F   1937.56 5510       00000000000
00002294401200271 042227   1020059201710252 244544.40 60   4075.74F   4075.74 5510       00000000000
00002295941200271 033033   1021111201711082 230511.00 60   3841.85F   3841.85 5510       00000000000
00002295951200271 033033   1021111201711082 431261.40 60   7187.69F   7187.69 5510       00000000000
00002299901200271 038707   1022230201711222 100270.80 60   1671.18F   1671.18 5410       00000000000
00002299911200271 038707   1022230201711222 225056.40 60   3750.94F   3750.94 5410       00000000000
00002300441200271 042395   1022237201711222  93690.00 60   1561.50F   1561.50 5410       00000000000
00002300451200271 042395   1022237201711222 205431.00 60   3423.85F   3423.85 5410       00000000000
00002301511200271 038183   1022166201711212 589506.60 60   9825.11F   9825.11 5410       00000000000
00002302741200271 045127   1022554201711242 224737.80 60   3745.63F   3745.63 5410       00000000000
00002303641200271 044794   1022796201711292 291610.80 72   4050.15F   4050.15 5410       00000000000
00002303761200271 037624   1022939201711302 563300.40 60   9388.34F   9388.34 5410       00000000000
00002303791200271 038589   1022945201711302 141256.20 60   2354.27F   2354.27 5410       00000000000
00002303801200271 038589   1022945201711302 117192.00 60   1953.20F   1953.20 5410       00000000000
00002304011200271 034719   1022924201711302 245893.20 60   4098.22F   4098.22 5410       00000000000
00002304021200271 034719   1022924201711302 138199.20 60   2303.32F   2303.32 5410       00000000000
00002304431200271 039754   1023034201712012 307811.52 72   4275.16F   4275.16 5410       00000000000
00002304821200271 034351   1023266201712052 139721.76 72   1940.58F   1940.58 5410       00000000000
00002304831200271 034351   1023266201712052 208591.20 72   2897.10F   2897.10 5410       00000000000
00002305381200271 030147   1023486201712112 556688.40 60   9278.14F   9278.14 5410       00000000000
00002305391200271 030147   1023486201712112 218934.60 60   3648.91F   3648.91 5410       00000000000
00002305701200271 037854   1023450201712072  88455.60 72   1228.55F   1228.55 5410       00000000000
00002305861200271 041329   1023972201712182 312931.80 60   5215.53F   5215.53 5410       00000000000
00002306711200271 039862   1024151201712202  22869.36 72    317.63F    317.63 5310       00000000000
00002306721200271 039862   1024151201712202 330303.60 72   4587.55F   4587.55 5310       00000000000
00002306881200271 037478   1023927201712152   4996.80 72     69.40F     69.40 5410       00000000000
00002306891200271 037478   1023927201712152 409091.04 72   5681.82F   5681.82 5410       00000000000
00002308421200271 042446   1024374201712222 109192.32 72   1516.56F   1516.56 5310       00000000000
00002308611200271 043978   1025106201801052 106924.32 72   1485.06F   1485.06 5310       00000000000
00002309131200271 032261   1024311201712212 111761.40 60   1862.69F   1862.69 5310       00000000000
00002309221200271 032418   1024610201712272 865436.40 72  12019.95F  12019.95 5310       00000000000
00002309241200271 043790   1024903201801022 354144.96 72   4918.68F   4918.68 5310       00000000000
00002309991200271 036983   1024885201801022   3057.84 72     42.47F     42.47 5310       00000000000
00002310001200271 036983   1024885201801022 183897.36 72   2554.13F   2554.13 5310       00000000000
00002310381200271 039275   1025409201801102   1509.84 72     20.97F     20.97 5310       00000000000
00002310391200271 039275   1025409201801102 280380.96 72   3894.18F   3894.18 5310       00000000000
00002310501200271 032191   1025649201801122  37145.52 54    687.88F    687.88 5152202205120000000000
00002311231200271 040474   1025779201801152 767908.80 72  10665.40F  10665.40 5310       00000000000
00002312521200271 036751   1026082201801182 289288.80 60   4821.48F   4821.48 5310       00000000000
00002312531200271 036751   1026082201801182 371499.60 60   6191.66F   6191.66 5310       00000000000
00002312561200271 041024   1025782201801152 373237.80 60   6220.63F   6220.63 5310       00000000000
00002312571200271 041024   1025782201801152 143658.00 60   2394.30F   2394.30 5310       00000000000
00002313141200271 043049   1026458201801242  96114.60 60   1601.91F   1601.91 5210       00000000000
00002313431200271 036092   1025995201801172 249507.00 60   4158.45F   4158.45 5310       00000000000
00002313661200271 033525   1026057201801182 453617.28 72   6300.24F   6300.24 5310       00000000000
00002315941200271 031648   1027136201801312 110248.20 60   1837.47F   1837.47 5210       00000000000
00002315951200271 031648   1027136201801312 146244.00 60   2437.40F   2437.40 5210       00000000000
00002315981200271 030874   1026645201801252 801049.20 60  13350.82F  13350.82 5210       00000000000
00002316121200271 041942   1026639201801252 139077.36 72   1931.63F   1931.63 5210       00000000000
00002316131200271 041942   1026639201801252 320371.92 72   4449.61F   4449.61 5210       00000000000
00002316611200271 042148   1026691201801252  71606.88 72    994.54F    994.54 5210       00000000000
00002317271200271 040191   1027280201802022 460097.28 72   6390.24F   6390.24 5210       00000000000
00002318221200271 039413   1028350201802192  40556.40 60    675.94F    675.94 5110       00000000000
00002318231200271 039413   1028350201802192 272375.40 60   4539.59F   4539.59 5110       00000000000
00002318741200271 038287   1027447201802062 253139.40 60   4218.99F   4218.99 5210       00000000000
00002319371200271 032031   1027718201802082 397590.60 60   6626.51F   6626.51 5210       00000000000
00002319941200271 045633   1027831201802092 486018.00 72   6750.25F   6750.25 5210       00000000000
00002320111200271 035625   1027741201802082  11946.60 60    199.11F    199.11 5210       00000000000
00002320121200271 035625   1027741201802082 245942.40 60   4099.04F   4099.04 5210       00000000000
00002321061200271 041814   1028316201802192  14171.04 72    196.82F    196.82 5110       00000000000
00002321071200271 041814   1028316201802192 259619.04 72   3605.82F   3605.82 5110       00000000000
00002321481200271 040448   1028676201802222  32653.20 60    544.22F    544.22 5110       00000000000
00002321491200271 040448   1028676201802222 136944.60 60   2282.41F   2282.41 5110       00000000000
00002321661200271 030675   1028189201802162 162054.00 60   2700.90F   2700.90 5210       00000000000
00002321991200271 041818   1028733201802222  57908.88 72    804.29F    804.29 5110       00000000000
00002322001200271 041818   1028733201802222 275823.36 72   3830.88F   3830.88 5110       00000000000
00002322621200271 030705   1028576201802212 368712.50 50   7374.25F   7374.25 4954201802210000000000
00002322631200271 030705   1028576201802212 241330.50 50   4826.61F   4826.61 4954201802210000000000
00002322901200271 038832   1028476201802202  95106.60 60   1585.11F   1585.11 5110       00000000000
00002322911200271 038832   1028476201802202 144062.40 60   2401.04F   2401.04 5110       00000000000
00002322981200271 033953   1029303201802282 124204.50 50   2484.09F   2484.09 4954201802210000000000
00002323231200271 037283   1028681201802222 127557.00 60   2125.95F   2125.95 5110       00000000000
00002323241200271 037283   1028681201802222 217785.60 60   3629.76F   3629.76 5110       00000000000
00002323251200271 037845   1028846201802232 167641.80 60   2794.03F   2794.03 5110       00000000000
00002323301200271 040479   1028480201802202   1998.00 60     33.30F     33.30 5110       00000000000
00002323311200271 040479   1028480201802202 189114.00 60   3151.90F   3151.90 5110       00000000000
00002323341200271 040559   1028586201802212 215877.60 72   2998.30F   2998.30 5110       00000000000
00002323351200271 040559   1028586201802212 321334.56 72   4462.98F   4462.98 5110       00000000000
00002323541200271 032075   1028618201802212 171779.40 60   2862.99F   2862.99 5110       00000000000
00002323551200271 032075   1028618201802212 197591.40 60   3293.19F   3293.19 5110       00000000000
00002324381200271 032323   1028905201802232  53370.60 60    889.51F    889.51 5110       00000000000
00002324391200271 032323   1028905201802232 182445.60 60   3040.76F   3040.76 5110       00000000000
00002324921200271 032605   1029139201802272  61347.00 60   1022.45F   1022.45 5110       00000000000
00002324931200271 032605   1029139201802272 156587.40 60   2609.79F   2609.79 5110       00000000000
00002325071200271 042588   1029206201802282 491749.80 60   8195.83F   8195.83 5110       00000000000
00002325981200271 034914   1029425201803012 570909.60 72   7929.30F   7929.30 5110       00000000000
00002327461200271 033877   1030978201803202 105729.00 60   1762.15F   1762.15 5010       00000000000
00002327471200271 033877   1030978201803202 313375.80 60   5222.93F   5222.93 5010       00000000000
00002327691200271 031788   1030204201803122  19092.60 60    318.21F    318.21 5110       00000000000
00002327701200271 031788   1030204201803122 323735.40 60   5395.59F   5395.59 5110       00000000000
00002327831200271 034532   1031028201803202 194247.00 50   3884.94F   3884.94 5010       00000000000
00002327841200271 034532   1031028201803202 191544.00 50   3830.88F   3830.88 5010       00000000000
00002328711200271 038546   1030222201803122 617891.04 72   8581.82F   8581.82 5110       00000000000
00002329581200271 045761   1030955201803202 307343.40 60   5122.39F   5122.39 5010       00000000000
00002329681200271 041648   1030854201803192 617823.52 68   9085.64F   9085.64 5010       00000000000
00002330651200271 034976   1032342201804062 610043.00 50  12200.86F  12200.86 5010       00000000000
00002330741200271 038693   1031266201803222 211228.80 60   3520.48F   3520.48 5010       00000000000
00002330991200271 035324   1031435201803232 265368.00 60   4422.80F   4422.80 5010       00000000000
00002331001200271 035324   1031435201803232 387876.60 60   6464.61F   6464.61 5010       00000000000
00002331511200271 032393   1032126201804042 165996.00 60   2766.60F   2766.60 5010       00000000000
00002331521200271 032393   1032126201804042 191640.00 60   3194.00F   3194.00 5010       00000000000
00002331761200271 034136   1031707201803272 698508.00 60  11641.80F  11641.80 5010       00000000000
00002332511200271 030998   1031852201803282 120544.50 50   2410.89F   2410.89 5010       00000000000
00002333421200271 033998   1032223201804052  61389.00 60   1023.15F   1023.15 5010       00000000000
00002333431200271 033998   1032223201804052 293452.80 60   4890.88F   4890.88 5010       00000000000
00002333481200271 041511   1032507201804102 139143.00 60   2319.05F   2319.05 5010       00000000000
00002334051200271 038888   1032146201804042 563244.72 61   9233.52F   9233.52 5010       00000000000
00002334121200271 032261   1032031201804032  90396.72 72   1255.51F   1255.51 5010       00000000000
00002334131200271 032261   1032031201804032 125071.20 72   1737.10F   1737.10 5010       00000000000
00002334201200271 030330   1032449201804102  79332.48 48   1652.76F   1652.76 4860       00000000000
00002334211200271 030330   1032449201804102 100675.68 48   2097.41F   2097.41 4860       00000000000
00002335531200271 032136   1033234201804162 698508.00 60  11641.80F  11641.80 5010       00000000000
00002335751200271 035567   1033260201804172  45143.00 50    902.86F    902.86 5010       00000000000
00002336201200271 036531   1033480201804182   3767.04 72     52.32F     52.32 5010       00000000000
00002336211200271 036531   1033480201804182 174115.44 72   2418.27F   2418.27 5010       00000000000
00002336301200271 034588   1033602201804192 107058.24 48   2230.38F   2230.38 4754201802210000000000
00002336311200271 034588   1033602201804192  32868.96 48    684.77F    684.77 4754201802210000000000
00002336741200271 036736   1033594201804192 698245.92 72   9697.86F   9697.86 4910       00000000000
00002337051200271 041417   1033501201804182 130203.00 60   2170.05F   2170.05 5010       00000000000
00002337061200271 041417   1033501201804182 358752.60 60   5979.21F   5979.21 5010       00000000000
00002337401200271 041814   1033999201804242  59618.16 72    828.03F    828.03 4910       00000000000
00002337641200271 036037   1034002201804242 790711.20 60  13178.52F  13178.52 4910       00000000000
00002337661200271 030790   1033860201804232  40007.00 55    727.40F    727.40 4910       00000000000
00002337871200271 037272   1033967201804242 186411.84 48   3883.58F   3883.58 4860       00000000000
00002339451200271 033348   1034467201804272 206956.32 48   4311.59F   4311.59 4754201802210000000000
00002339461200271 033348   1034467201804272 377418.24 48   7862.88F   7862.88 4754201802210000000000
00002339491200271 037785   1034473201804272 475515.84 48   9906.58F   9906.58 4754201802210000000000
00002340391200271 043753   1035172201805092  87039.36 48   1813.32F   1813.32 4754201802210000000000
00002340441200271 037268   1035109201805092 306239.04 48   6379.98F   6379.98 4754201802210000000000
00002340451200271 037268   1035109201805092 173308.80 48   3610.60F   3610.60 4754201802210000000000
00002341041200271 030865   1036153201805212 104589.60 48   2178.95F   2178.95 4652202205310000000000
00002341131200271 036986   1035435201805112 257050.80 60   4284.18F   4284.18 4910       00000000000
00002341211200271 032327   1035340201805102   6210.24 48    129.38F    129.38 4754201802210000000000
00002341221200271 032327   1035340201805102 233089.44 48   4856.03F   4856.03 4754201802210000000000
00002341281200271 044666   1035343201805102 139701.60 60   2328.36F   2328.36 4910       00000000000
00002341481200271 032307   1036208201805212  71623.68 48   1492.16F   1492.16 4810       00000000000
00002341551200271 036303   1036155201805212  72645.00 60   1210.75F   1210.75 4810       00000000000
00002341651200271 039867   1035317201805102 451087.68 48   9397.66F   9397.66 4854201802210000000000
00002341821200271 040060   1036183201805212 235507.58 61   3860.78F   3860.78 4810       00000000000
00002341831200271 040060   1036183201805212 311603.86 61   5108.26F   5108.26 4810       00000000000
00002341921200271 036650   1036304201805222 433744.56 72   6024.23F   6024.23 4810       00000000000
00002341931200271 036650   1036304201805222 252513.36 72   3507.13F   3507.13 4810       00000000000
00002341981200271 040415   1035957201805172 644583.00 60  10743.05F  10743.05 4910       00000000000
00002342021200271 038054   1035958201805172  85142.40 48   1773.80F   1773.80 4854201802210000000000
00002342121200271 032275   1035997201805172 173171.04 48   3607.73F   3607.73 4754201802210000000000
00002342131200271 032275   1035997201805172 427330.56 48   8902.72F   8902.72 4754201802210000000000
00002342541200271 043132   1036199201805212 203000.16 48   4229.17F   4229.17 4810       00000000000
00002342551200271 043132   1036199201805212  81597.60 48   1699.95F   1699.95 4810       00000000000
00002342651200271 040543   1035991201805172  60194.88 48   1254.06F   1254.06 4754201802210000000000
00002342661200271 040543   1035991201805172  88033.44 48   1834.03F   1834.03 4754201802210000000000
00002342711200271 032169   1036340201805222 271414.80 72   3769.65F   3769.65 4810       00000000000
00002342721200271 032169   1036340201805222 247004.64 72   3430.62F   3430.62 4810       00000000000
00002342891200271 044871   1036916201805302 391322.40 48   8152.55F   8152.55 4810       00000000000
00002343351200271 039873   1037410201806052   2601.12 48     54.19F     54.19 4810       00000000000
00002343361200271 039873   1037410201806052 339801.60 48   7079.20F   7079.20 4810       00000000000
00002343921200271 041046   1036314201805222 218438.50 50   4368.77F   4368.77 4810       00000000000
00002343931200271 041046   1036314201805222 243242.00 50   4864.84F   4864.84 4810       00000000000
00002344391200271 033536   1036819201805292   3156.48 48     65.76F     65.76 4810       00000000000
00002344401200271 033536   1036819201805292 238752.00 48   4974.00F   4974.00 4810       00000000000
00002344491200271 041282   1036950201805302  77595.84 48   1616.58F   1616.58 4810       00000000000
00002344501200271 041282   1036950201805302 105732.48 48   2202.76F   2202.76 4810       00000000000
00002344881200271 041369   1037296201806042 122773.00 50   2455.46F   2455.46 4810       00000000000
00002345491200271 029955   1037175201806012 102671.04 48   2138.98F   2138.98 4810       00000000000
00002345501200271 029955   1037175201806012 259005.60 48   5395.95F   5395.95 4810       00000000000
00002345881200271 040894   1037605201806072    345.60 60      5.76F      5.76 4730       00000000000
00002345891200271 040894   1037605201806072 365247.00 60   6087.45F   6087.45 4730       00000000000
00002346041200271 040108   1037588201806072 120438.24 48   2509.13F   2509.13 4810       00000000000
00002346271200271 040053   1037881201806122 101191.20 48   2108.15F   2108.15 4810       00000000000
00002346281200271 040053   1037881201806122 139553.28 48   2907.36F   2907.36 4810       00000000000
00002346731200271 031793   1037878201806122 149813.28 48   3121.11F   3121.11 4810       00000000000
00002346931200271 037797   1037995201806132  64893.60 60   1081.56F   1081.56 4810       00000000000
00002346941200271 037797   1037995201806132 319537.80 60   5325.63F   5325.63 4810       00000000000
00002347981200271 038181   1038498201806212 326143.20 60   5435.72F   5435.72 4710       00000000000
00002347991200271 038181   1038498201806212 321444.60 60   5357.41F   5357.41 4710       00000000000
00002348491200271 036439   1038630201806252 316769.28 48   6599.36F   6599.36 4710       00000000000
00002348511200271 037096   1038469201806212 168198.24 48   3504.13F   3504.13 4710       00000000000
00002348761200271 038324   1039560201807102 373415.04 48   7779.48F   7779.48 4710       00000000000
00002349761200271 038456   1039030201806292 470678.40 60   7844.64F   7844.64 4710       00000000000
00002350551200271 034371   1040984201807262 208517.40 60   3475.29F   3475.29 4410       00000000000
00002350561200271 034371   1040984201807262 562975.80 60   9382.93F   9382.93 4410       00000000000
00002351551200271 045239   1040620201807232 347750.40 60   5795.84F   5795.84 4610       00000000000
00002351721200271 043629   1040471201807202 193067.52 48   4022.24F   4022.24 4610       00000000000
00002352001200271 030893   1042235201808102 119000.88 72   1652.79F   1652.79 4610       00000000000
00002352011200271 030893   1042235201808102 290648.88 72   4036.79F   4036.79 4610       00000000000
00002352331200271 035918   1040887201807252 173131.20 48   3606.90F   3606.90 4610       00000000000
00002352571200271 040612   1041154201807302  83942.40 48   1748.80F   1748.80 4610       00000000000
00002352631200271 042288   1041435201808012  73054.56 48   1521.97F   1521.97 4610       00000000000
00002352641200271 042288   1041435201808012 164344.80 48   3423.85F   3423.85 4610       00000000000
00002352711200271 035679   1041023201807272 516245.28 48  10755.11F  10755.11 4610       00000000000
00002352961200271 028179   1042508201808142  39872.64 48    830.68F    830.68 4610       00000000000
00002353111200271 039112   1042279201808102  63360.00 72    880.00F    880.00 4610       00000000000
00002353121200271 039112   1042279201808102 393838.56 72   5469.98F   5469.98 4610       00000000000
00002354001200271 037283   1042076201808082  23028.48 48    479.76F    479.76 4610       00000000000
00002354011200271 037283   1042076201808082 179220.00 48   3733.75F   3733.75 4610       00000000000
00002354141200271 030865   1042871201808162     76.80 60      1.28F      1.28 4610       00000000000
00002354151200271 030865   1042871201808162 385513.80 60   6425.23F   6425.23 4610       00000000000
00002355011200271 044725   1043062201808172 135252.50 50   2705.05F   2705.05 4610       00000000000
00002355211200271 036622   1042900201808162  96513.93 51   1892.43F   1892.43 4610       00000000000
00002355221200271 036622   1042900201808162 396451.56 51   7773.56F   7773.56 4610       00000000000
00002398841200271 039951   1067979201903292  37202.40 36   1033.40F   1033.40 3654201802210000000000
00002400951200271 043885   1066782201903202  77976.72 36   2166.02F   2166.02 3660       00000000000
00002400961200271 043885   1066782201903202 194241.24 36   5395.59F   5395.59 3660       00000000000
00002401401200271 043049   1067819201903282  94160.16 36   2615.56F   2615.56 3660       00000000000
00002404441200271 035347   1069015201904112  42333.48 36   1175.93F   1175.93 3660       00000000000
00002406021200271 031838   1070065201904232 310446.36 36   8623.51F   8623.51 3554201802210000000000
00002406721200271 037272   1068727201904092  67990.32 36   1888.62F   1888.62 3660       00000000000
00002407171200271 036206   1070491201904292 146499.84 36   4069.44F   4069.44 3554201802210000000000
00002408431200271 034145   1069872201904172 406402.56 36  11288.96F  11288.96 3660       00000000000
00002408581200271 033536   1070358201904262 101857.32 36   2829.37F   2829.37 3554201802210000000000
00002409881200271 031088   1070683201905022 182162.88 36   5060.08F   5060.08 3554201802210000000000
00002409931200271 034362   1070534201904292 191399.40 36   5316.65F   5316.65 3554201802210000000000
00002409981200271 033009   1070639201904302 481063.68 36  13362.88F  13362.88 3554201802210000000000
00002410081200271 039811   1071401201905142  49517.64 36   1375.49F   1375.49 3554201802210000000000
00002410101200271 039947   1070620201904302  37650.24 36   1045.84F   1045.84 3554201802210000000000
00002410111200271 039947   1070620201904302  82166.76 36   2282.41F   2282.41 3554201802210000000000
00002410941200271 037115   1070858201905072 215516.52 36   5986.57F   5986.57 3554201802210000000000
00002411001200271 033468   1070554201904292 243482.40 36   6763.40F   6763.40 3660       00000000000
00002411301200271 037842   1071747201905172 158736.96 36   4409.36F   4409.36 3610       00000000000
00002411311200271 037842   1071747201905172 177366.24 36   4926.84F   4926.84 3610       00000000000
00002411591200271 032191   1071298201905132  49195.44 36   1366.54F   1366.54 3554201802210000000000
00002411601200271 032191   1071298201905132  89350.92 36   2481.97F   2481.97 3554201802210000000000
00002411661200271 036006   1071254201905102  83127.96 36   2309.11F   2309.11 3554201802210000000000
00002411801200271 034866   1071751201905172 225779.40 36   6271.65F   6271.65 3452202205310000000000
00002412091200271 037466   1070987201905082 250922.88 36   6970.08F   6970.08 3554201802210000000000
00002412321200271 038077   1071309201905132  76713.48 36   2130.93F   2130.93 3554201802210000000000
00002412371200271 030018   1072003201905212 171900.00 36   4775.00F   4775.00 3610       00000000000
00002412711200271 039930   1071518201905152  76970.16 36   2138.06F   2138.06 3610       00000000000
00002412731200271 037889   1071467201905142  28969.20 36    804.70F    804.70 3554201802210000000000
00002412741200271 037889   1071467201905142 142930.80 36   3970.30F   3970.30 3554201802210000000000
00002412951200271 035287   1071286201905132 102627.00 36   2850.75F   2850.75 3554201802210000000000
00002413731200271 043263   1071630201905162  79022.88 36   2195.08F   2195.08 3452202205310000000000
00002414191200271 045528   1072265201905232  80305.56 36   2230.71F   2230.71 3610       00000000000
00002414211200271 031908   1071832201905172 143677.80 36   3991.05F   3991.05 3610       00000000000
00002414231200271 041832   1071841201905172 100013.04 36   2778.14F   2778.14 3610       00000000000
00002414241200271 041832   1071841201905172  52901.28 36   1469.48F   1469.48 3610       00000000000
00002414291200271 032489   1071736201905172  54135.72 36   1503.77F   1503.77 3610       00000000000
00002414431200271 031011   1072276201905232 145217.16 36   4033.81F   4033.81 3610       00000000000
00002414761200271 037754   1071763201905172  57214.44 36   1589.29F   1589.29 3610       00000000000
00002415011200271 040043   1072227201905232  87746.04 36   2437.39F   2437.39 3610       00000000000
00002415111200271 045065   1072032201905212  73891.44 36   2052.54F   2052.54 3610       00000000000
00002415161200271 037532   1071744201905172 141112.08 36   3919.78F   3919.78 3610       00000000000
00002415431200271 038658   1071846201905172 171900.00 36   4775.00F   4775.00 3610       00000000000
00002415451200271 037876   1071733201905172 252718.92 36   7019.97F   7019.97 3610       00000000000
00002415481200271 031889   1071820201905172  52339.68 36   1453.88F   1453.88 3452202205310000000000
00002415511200271 045993   1071823201905172 200122.56 36   5558.96F   5558.96 3610       00000000000
00002415591200271 037292   1072137201905222 114172.56 36   3171.46F   3171.46 3610       00000000000
00002416271200271 045156   1072112201905222 185498.28 36   5152.73F   5152.73 3610       00000000000
00002416381200271 042627   1072160201905222  74404.44 36   2066.79F   2066.79 3610       00000000000
00002416401200271 030893   1072012201905212 204997.32 36   5694.37F   5694.37 3610       00000000000
00002417371200271 041576   1072269201905232  99804.60 36   2772.35F   2772.35 3610       00000000000
00002417521200271 043334   1072307201905242 407942.28 36  11331.73F  11331.73 3610       00000000000
00002417581200271 045433   1072585201905292 148295.88 36   4119.33F   4119.33 3610       00000000000
00002417951200271 031672   1072563201905292  69491.52 36   1930.32F   1930.32 3610       00000000000
00002417961200271 031672   1072563201905292 326905.20 36   9080.70F   9080.70 3610       00000000000
00002417971200271 032393   1072561201905292  33353.64 36    926.49F    926.49 3610       00000000000
00002418061200271 045365   1072381201905272 162407.16 36   4511.31F   4511.31 3610       00000000000
00002418121200271 037904   1072778201906032  84923.64 36   2358.99F   2358.99 3610       00000000000
00002418871200271 043721   1072830201906042 398962.44 36  11082.29F  11082.29 3610       00000000000
00002418931200271 043019   1072526201905282  71838.72 36   1995.52F   1995.52 3610       00000000000
00002419211200271 035566   1072944201906062 342004.32 36   9500.12F   9500.12 3610       00000000000
00002420251200271 042518   1073760201906242 168308.28 36   4675.23F   4675.23 3430       00000000000
00002420501200271 032698   1073413201906142 359194.32 36   9977.62F   9977.62 3610       00000000000
00002422591200271 032106   1073927201906262 433598.76 36  12044.41F  12044.41 3510       00000000000
00002422811200271 046170   1074379201907022  40281.12 36   1118.92F   1118.92 3510       00000000000
00002423031200271 040775   1074507201907042 503128.44 36  13975.79F  13975.79 3510       00000000000
00002423431200271 036751   1074217201906282 167281.92 36   4646.72F   4646.72 3510       00000000000
00002423471200271 036014   1074471201907032 106362.00 36   2954.50F   2954.50 3510       00000000000
00002423481200271 036014   1074471201907032  81188.64 36   2255.24F   2255.24 3510       00000000000
00002423651200271 036752   1074476201907032 121324.68 36   3370.13F   3370.13 3510       00000000000
00002423661200271 036752   1074476201907032  58272.48 36   1618.68F   1618.68 3510       00000000000
00002424021200271 033631   1074758201907102 178314.48 36   4953.18F   4953.18 3510       00000000000
00002425291200271 036136   1075028201907122  42333.48 36   1175.93F   1175.93 3510       00000000000
00002425331200271 039863   1075026201907122  82101.60 36   2280.60F   2280.60 3510       00000000000
00002425841200271 031085   1075063201907122 431289.72 36  11980.27F  11980.27 3510       00000000000
00002426081200271 032925   1075782201907192 570862.44 36  15857.29F  15857.29 3410       00000000000
00002426401200271 042171   1075699201907192 228088.44 36   6335.79F   6335.79 3410       00000000000
00002426811200271 033064   1075641201907192  85950.00 36   2387.50F   2387.50 3410       00000000000
00002426831200271 034115   1075728201907192 126231.12 36   3506.42F   3506.42 3410       00000000000
00002426871200271 036871   1075752201907192 242969.40 36   6749.15F   6749.15 3410       00000000000
00002427661200271 031262   1076107201907242 538791.48 36  14966.43F  14966.43 3410       00000000000
00002427881200271 038333   1076342201907262  42873.12 36   1190.92F   1190.92 3410       00000000000
00002427891200271 038333   1076342201907262 154427.04 36   4289.64F   4289.64 3410       00000000000
00002428721200271 039813   1076558201907292  83897.64 36   2330.49F   2330.49 3410       00000000000
00002429821200271 042636   1078293201908232  47208.24 36   1311.34F   1311.34 3310       00000000000
00002429861200271 042143   1077490201908092  65681.28 36   1824.48F   1824.48 3410       00000000000
00002430011200271 039313   1078297201908232 153684.00 36   4269.00F   4269.00 3310       00000000000
00002431911200271 033894   1078905201908292 143156.16 36   3976.56F   3976.56 3310       00000000000
00002432431200271 038284   1078832201908282 222178.68 36   6171.63F   6171.63 3310       00000000000
00002432971200271 038397   1078555201908272  81075.24 36   2252.09F   2252.09 3310       00000000000
00002433821200271 039959   1078837201908282 152191.80 36   4227.55F   4227.55 3310       00000000000
00002433831200271 039959   1078837201908282 122954.76 36   3415.41F   3415.41 3310       00000000000
00002433861200271 038077   1078574201908272   9187.56 36    255.21F    255.21 3310       00000000000
00002433871200271 038077   1078574201908272  77275.80 36   2146.55F   2146.55 3310       00000000000
00002434361200271 036368   1080244201909122 113093.64 36   3141.49F   3141.49 3310       00000000000
00002434761200271 032297   1079205201909022 209918.88 36   5831.08F   5831.08 3310       00000000000
00002434771200271 032297   1079205201909022  72385.20 36   2010.70F   2010.70 3310       00000000000
00002435501200271 039171   1079133201908302  72723.24 36   2020.09F   2020.09 3310       00000000000
00002435651200271 036334   1080562201909162 361326.60 36  10036.85F  10036.85 3310       00000000000
00002436171200271 034089   1079659201909062 224469.00 36   6235.25F   6235.25 3310       00000000000
00002436631200271 036301   1080575201909162 330690.96 36   9185.86F   9185.86 3310       00000000000
00002437171200271 034880   1080589201909162  40535.28 36   1125.98F   1125.98 3310       00000000000
00002437181200271 034880   1080589201909162 194241.24 36   5395.59F   5395.59 3310       00000000000
00002437541200271 031457   1080835201909182  60339.60 36   1676.10F   1676.10 3310       00000000000
00002437551200271 031457   1080835201909182  42733.08 36   1187.03F   1187.03 3310       00000000000
00002438611200271 034718   1082087201909302  92095.56 36   2558.21F   2558.21 3210       00000000000
00002438621200271 034718   1082087201909302 303015.96 36   8417.11F   8417.11 3210       00000000000
00002439591200271 035586   1082489201910032  56976.12 36   1582.67F   1582.67 3210       00000000000
00002439841200271 041599   1082483201910032 142583.76 36   3960.66F   3960.66 3210       00000000000
00002440561200271 036871   1083338201910102  25493.40 36    708.15F    708.15 3210       00000000000
00002440571200271 036871   1083338201910102 192104.28 36   5336.23F   5336.23 3210       00000000000
00002440811200271 032630   1083310201910102 369056.88 36  10251.58F  10251.58 3210       00000000000
00002441431200271 034115   1083647201910152 131990.04 36   3666.39F   3666.39 3210       00000000000
00002441721200271 041583   1083865201910162  48100.68 36   1336.13F   1336.13 3210       00000000000
00002441911200271 037842   1084243201910182  47607.12 36   1322.42F   1322.42 3210       00000000000
00002441921200271 037842   1084243201910182 100989.00 36   2805.25F   2805.25 3210       00000000000
00002441931200271 031889   1084026201910172  56117.16 36   1558.81F   1558.81 3210       00000000000
00002442541200271 044832   1085038201910252 306354.60 36   8509.85F   8509.85 3210       00000000000
00002442951200271 037905   1084620201910232 105935.76 36   2942.66F   2942.66 3210       00000000000
00002444101200271 034335   1085225201910282  59033.88 36   1639.83F   1639.83 3210       00000000000
00002444111200271 034335   1085225201910282  95861.16 36   2662.81F   2662.81 3210       00000000000
