00002606971200251 036300     239072021101421500384.00 48  31258.00F  31258.00  810       00000000000
00002609831200251 033558     23917202110152 460040.16 48   9584.17F   9584.17  810       00000000000
00002610871200251 043597     23961202110232 276476.64 12  23039.72F  23039.72  810       00000000000
00002610921200251 043995     23946202110202 553248.00 48  11526.00F  11526.00  810       00000000000
00002614171200251 043093     23958202110222 348148.44 18  19341.58F  19341.58  810       00000000000
00002618171200251 033667     23984202110292 251161.44 48   5232.53F   5232.53  710       00000000000
00002618821200251 036129     23990202111022 474720.00 60   7912.00F   7912.00  710       00000000000
00002620991200251 044958     24012202111092 266979.96 36   7416.11F   7416.11  710       00000000000
00002621641200251 033570     24023202111122 332515.80 60   5541.93F   5541.93  710       00000000000
00002621781200251 041726     24021202111112  86706.00 18   4817.00F   4817.00  710       00000000000
00002622021200251 043226     24026202111122 593811.84 24  24742.16F  24742.16  710       00000000000
00002622391200251 031149     24029202111122 175564.08 24   7315.17F   7315.17  690       00000000000
00002622711200251 031060     24036202111162 156329.76 24   6513.74F   6513.74  710       00000000000
00002623361200251 038682     24057202111172 314136.96 48   6544.52F   6544.52  610       00000000000
00002623941200251 035847     24067202111192 660977.76 48  13770.37F  13770.37  610       00000000000
00002626341200251 045187     24079202111242 106345.68 12   8862.14F   8862.14  610       00000000000
00002626471200251 039189     24097202111292  69645.42 18   3869.19F   3869.19  610       00000000000
00002627771200251 043779     24152202112102 302256.60 60   3612.24F   3612.24  610       00000000000
00002627781200251 043779     24152202112102 302256.60 60   1425.37F   1425.37  610       00000000000
00002628271200251 042994     24110202112022 241800.00 60   4030.00F   4030.00  610       00000000000
00002628831200251 039344     24132202112072 955515.60 36  26542.10F  26542.10  610       00000000000
00002628921200251 046997     24155202112102 191516.94 24   7979.86F   7979.86  530       00000000000
00002629441200251 041339     24167202112142 274273.92 48   5714.04F   5714.04  610       00000000000
00002629521200251 042041     24157202112132 321622.20 60   5360.37F   5360.37  610       00000000000
00002629571200251 034588     24151202112102 287182.44 36   7977.29F   7977.29  610       00000000000
00002630261200251 031749     24181202112162 520046.88 48     50.00F     50.00  490       00000000000
00002630271200251 031749     24181202112162 520046.88 48  10784.31F  10784.31  590       00000000000
00002630361200251 034717     24175202112152 528000.00 48  11000.00F  11000.00  610       00000000000
00002630541200251 041323     24178202112162 267867.88 12  18988.99F  18988.99  610       00000000000
00002630931200251 038119     24166202112142 223482.72 48   4655.89F   4655.89  610       00000000000
00002631071200251 033729     24168202112152 251860.80 48   5247.10F   5247.10  610       00000000000
00002632771200251 031667     24237202112292 391387.68 48   8153.91F   8153.91  510       00000000000
00002632851200251 041521     24206202112212 424491.36 48   7704.03F   7704.03  510       00000000000
00002632861200251 041521     24206202112212 424491.36 48   1139.54F   1139.54  510       00000000000
00002632941200251 045561     24236202112282 196322.88 48   4090.06F   4090.06  510       00000000000
00002633641200251 035300     24239202112292 539830.56 24  16796.32F  16796.32  510       00000000000
00002633651200251 035300     24239202112292 539830.56 24   5696.62F   5696.62  510       00000000000
00002635351200251 034518     24278202201122 793968.00 48  16541.00F  16541.00  510       00000000000
00002635371200251 038427     24277202201122 142620.00 60   2377.00F   2377.00  510       00000000000
00002638381200251 035318     24314202201212 344731.20 48   7181.90F   7181.90  410       00000000000
00002638941200251 038768     24342202201312 404947.68 24  16872.82F  16872.82  410       00000000000
00002638961200251 040518     24343202201312 637251.36 48  13276.07F  13276.07  410       00000000000
00002639731200251 037834     244032022020321316976.00 48   1238.00F   1238.00  410       00000000000
00002639741200251 037834     244032022020321316976.00 48  26199.00F  26199.00  410       00000000000
00002640061200251 041226     24365202202032 451979.04 48   9416.23F   9416.23  410       00000000000
00002640741200251 039445     24376202202042 232010.28 36    921.87F    921.87  410       00000000000
00002640751200251 039445     24376202202042 232010.28 36   5522.86F   5522.86  410       00000000000
00002641671200251 037813     24405202202092 257328.00 48   5361.00F   5361.00  410       00000000000
00002641991200251 045579     24407202202092 177309.54 18   9850.53F   9850.53  410       00000000000
00002642451200251 036633     24416202202102 185904.00 24   7746.00F   7746.00  410       00000000000
00002643721200251 036073     244432022021421537140.00 60  25619.00F  25619.00  410       00000000000
00002644271200251 046515     24452202202162 588840.00 24  24535.00F  24535.00  410       00000000000
00002644491200251 037167     24448202202162 546696.00 36  15186.00F  15186.00  410       00000000000
00002645581200251 036516     24485202202222 153950.28 12  12829.19F  12829.19  310       00000000000
00002645771200251 045676     24483202202212 252384.00 48   5258.00F   5258.00  310       00000000000
00002646091200251 040050     24480202202202 444956.64 48   9269.93F   9269.93  410       00000000000
00002646691200251 038250     24495202202242  40656.00 24   1694.00F   1694.00  310       00000000000
00002647601200251 044776     24510202202252 219312.00 36   6092.00F   6092.00  310       00000000000
00002647821200251 041339     24518202203032  57792.00 48   1204.00F   1204.00  310       00000000000
00002648041200251 034896     245312022022521009006.20 36  18625.00F  18625.00  310       00000000000
00002648051200251 034896     245312022022521009006.20 36   9402.95F   9402.95  310       00000000000
00002650051200251 045093     24556202203112  15541.62 48   7782.05F   7782.05  310       00000000000
00002650061200251 045093     24556202203112  15541.62 48   7759.57F   7759.57  310       00000000000
00002650811200251 035948     24566202203142 338496.00 48   7052.00F   7052.00  310       00000000000
00002651051200251 037595     24553202203102 258104.16 48   5377.17F   5377.17  310       00000000000
00002651301200251 041726     24577202203162 253676.40 60   4227.94F   4227.94  310       00000000000
00002654451200251 048024     24609202203232 388318.56 48   8089.97F   8089.97  210       00000000000
00002655371200251 041859     246372022033121013007.60 60  16883.46F  16883.46  210       00000000000
00002655601200251 041908     246362022040121144696.32 36  31797.12F  31797.12  210       00000000000
00002657451200251 044495     24668202204072 445267.80 36  12368.55F  12368.55  210       00000000000
00002657901200251 041339     24751202204222 133920.00 48   2790.00F   2790.00  110       00000000000
00002657921200251 037768     24754202204222 168096.00 48   3502.00F   3502.00  110       00000000000
00002658211200251 036186     24687202204082 227184.00 48   4733.00F   4733.00  210       00000000000
00002658751200251 031564     24688202204062 324285.48 36   9007.93F   9007.93  210       00000000000
00002660151200251 036602     24725202204132 352111.68 48   7335.66F   7335.66  210       00000000000
00002660591200251 043995     24722202204132 130803.36 48   2725.07F   2725.07  210       00000000000
00002661221200251 035318     24741202204202 249634.56 48   5200.72F   5200.72  210       00000000000
00002662231200251 037924     24746202204202 149702.88 48   3118.81F   3118.81  210       00000000000
00002662311200251 031667     24744202204202 147264.60 30   4908.82F   4908.82  210       00000000000
00002663301200251 043810     24753202204222 213420.00 60   3557.00F   3557.00  110       00000000000
