00000371650   631 030813      8065200008091      0.00  0    690.00V    690.00  010       0          
00000384930   631 027440      4185199202141      0.00  0    690.00V    690.00  010       0          
00000385770   631 028011      5309199303291      0.00  0    690.00V    690.00  010       0          
00000386890   631 028859      6057199409261      0.00  0    690.00V    690.00  090       0          
00000388050   631 029933      7278199707071      0.00  0    690.00V    690.00  010       0          
00000388060   631 029955      7264199706111      0.00  0    690.00V    690.00  010       0          
00000389380   631 029954      7575199810141      0.00  0    690.00V    690.00  010       0          
00000389550   631 030578      7608199812221      0.00  0    690.00V    690.00  010       0          
00000389560   631 030618      7609199812231      0.00  0    690.00V    690.00  090       0          
00000389570   631 030360      7610199812291      0.00  0    690.00V    690.00  010       0          
00000390000   631 030425      7656199904071      0.00  0    690.00V    690.00  010       0          
00000390590   631 030293      7743199907271      0.00  0    690.00V    690.00  010       0          
00000392760   631 030755      7846199910151      0.00  0    690.00V    690.00  010       0          
00001011751 10101 032257      8370200309161      0.00  0    690.00V    690.00  010       0          
00001065010 10101 032874      8807200408231      0.00  0    690.00V    690.00  010       0          
00001079570 10101 033176      8876200411231      0.00  0    690.00V    690.00  090       0          
00001243690 10101 030733      9301200707101      0.00  0    690.00V    690.00  090       0          
00001298030 10101 036140      9343200712041      0.00  0    690.00V    690.00  010       0          
00001388600 10101 037314      9468200811061      0.00  0    690.00V    690.00  010       0          
00001388680 10101 030207      9469200811061      0.00  0    690.00V    690.00  010       0          
00001411330 10101 030722      9524200902051      0.00  0    690.00V    690.00  010       0          
00001415470 10101 034744      9547200903051      0.00  0    690.00V    690.00  010       0          
00001424510 10101 035188      9558200903301      0.00  0    690.00V    690.00  010       0          
00001440790 10101 032393      9580200906181      0.00  0    690.00V    690.00  010       0          
00001464580 10101 034458      9604200909141      0.00  0    690.00V    690.00  010       0          
00001481820 10101 034274      9628200911121      0.00  0    690.00V    690.00  010       0          
00001483930 10101 032004      9627200911111      0.00  0    690.00V    690.00  010       0          
00001484420 10101 032434      9633200911191      0.00  0    690.00V    690.00  010       0          
00001491420 10101 036153      9637200912111      0.00  0    690.00V    690.00  010       0          
00001497060 10101 033156      9644200912161      0.00  0    690.00V    690.00  010       0          
00001500290 10101 037224      9652201001051      0.00  0    690.00V    690.00  030       0          
00001621800 10101 030674      9352201011161      0.00  0    690.00V    690.00  010       0          
00001673790 10101 033480      9782201103281      0.00  0    690.00V    690.00  010       0          
00001702090 10101 032627      9805201106131      0.00  0    690.00V    690.00  010       0          
00002039791401591 040039     10050201410081      0.00  0    690.00V    690.00  010       0          
00002040001401591 030221      8653201410201      0.00  0    690.00V    690.00  010       0          
00002042151401591 030308     10051201410171      0.00  0    690.00V    690.00  010       0          
00002044381401591 037473     10055201410271      0.00  0    690.00V    690.00  010       0          
00002044891401591 037666     10060201410301      0.00  0    690.00V    690.00  010       0          
00002441000401591 039441     10641201910251      0.00  0    690.00V    690.00  010       0          
00002441380401591 040947     10640201910251      0.00  0    690.00V    690.00  010       0          
00002444480401591 040369     10642201910251      0.00  0    690.00V    690.00  010       0          
00002453930401591 040116     10644201911281      0.00  0    690.00V    690.00  010       0          
00002454740401591 032055     10671201912061      0.00  0    690.00V    690.00  010       0          
00002455180401591 037115     10674201912131      0.00  0    690.00V    690.00  010       0          
00002455700401591 032416     10268201912121      0.00  0    690.00V    690.00  010       0          
00002455970401591 040419     10560201912131      0.00  0    690.00V    690.00  010       0          
00002455980401591 036769     10561201912131      0.00  0    690.00V    690.00  010       0          
00002456290401591 045192     10676201912161      0.00  0    690.00V    690.00  010       0          
00002460870401591 040522     10100202002041      0.00  0    690.00V    690.00  010       0          
00002465620401591 040059     10066202002051      0.00  0    690.00V    690.00  010       0          
00002466200401591 045901      6029202002131      0.00  0    690.00V    690.00  010       0          
00002466730401591 035038     10680202002071      0.00  0    690.00V    690.00  010       0          
00002466750401591 040622     10679202002071      0.00  0    690.00V    690.00  010       0          
00002466870401591 042023     10186202002121      0.00  0    690.00V    690.00  010       0          
00002467620401591 046211     10681202002111      0.00  0    690.00V    690.00  010       0          
00002468230401591 033948     10451202002141      0.00  0    690.00V    690.00  010       0          
00002468920401591 045316     10687202002201      0.00  0    690.00V    690.00  010       0          
00002469010401591 034046     10692202003021      0.00  0    690.00V    690.00  010       0          
00002469050401591 032309      9333202002211      0.00  0    690.00V    690.00  010       0          
00002470170401591 039234     10689202002281      0.00  0    690.00V    690.00  010       0          
00002471900401591 040362     10693202003091      0.00  0    690.00V    690.00  010       0          
00002473090401591 035614     10699202003171      0.00  0    690.00V    690.00  010       0          
00002473390401591 044452     10578202003111      0.00  0    690.00V    690.00  010       0          
00002473750401591 038434     10523202003121      0.00  0    690.00V    690.00  010       0          
00002474320401591 041249     10696202003131      0.00  0    690.00V    690.00  010       0          
00002476460401591 038802     10702202003181      0.00  0    690.00V    690.00  010       0          
00002482390401591 043153     10196202005181      0.00  0    690.00V    690.00  010       0          
00002483940401591 046698     10625202006081      0.00  0    690.00V    690.00  010       0          
00002484940401591 034400     10618202006091      0.00  0    690.00V    690.00  010       0          
00002486790401591 040492     10542202006221      0.00  0    690.00V    690.00  010       0          
00002486910401591 037417     10420202006221      0.00  0    690.00V    690.00  010       0          
00002490610401591 043787     10716202007271      0.00  0    690.00V    690.00  010       0          
00002491010401591 044496     10715202007271      0.00  0    690.00V    690.00  010       0          
00002491580401591 040772     10659202008031      0.00  0    690.00V    690.00  010       0          
00002492060401591 037729     10628202008101      0.00  0    690.00V    690.00  010       0          
00002492280401591 041222     10502202008101      0.00  0    690.00V    690.00  010       0          
00002492810401591 038732     10717202008101      0.00  0    690.00V    690.00  010       0          
00002493560401591 046612     10666202008181      0.00  0    690.00V    690.00  010       0          
00002493840401591 041592     10626202008191      0.00  0    690.00V    690.00  010       0          
00002494460401591 038792     10530202008241      0.00  0    690.00V    690.00  010       0          
00002495650401591 038056     10568202009011      0.00  0    690.00V    690.00  010       0          
00002496660401591 046187     10610202009011      0.00  0    690.00V    690.00  010       0          
00002496770401591 041755     10601202009071      0.00  0    690.00V    690.00  010       0          
00002497370401591 040460     10721202009071      0.00  0    690.00V    690.00  030       0          
00002497371401591 040460      1853202009072 106147.80 12   8845.65F   8845.65 1130       0          
00002497950401591 042805     10713202009141      0.00  0    690.00V    690.00  010       0          
00002500240401591 034320     10531202009211      0.00  0    690.00V    690.00  010       0          
00002500420401591 037845     10490202009241      0.00  0    690.00V    690.00  010       0          
00002501790401591 037523     10724202009281      0.00  0    690.00V    690.00  010       0          
00002504600401591 033432     10587202010131      0.00  0    690.00V    690.00  010       0          
00002504720401591 037756     10532202010131      0.00  0    690.00V    690.00  010       0          
00002506310401591 036346     10729202011021      0.00  0    690.00V    690.00  010       0          
00002507980401591 035699     10597202011021      0.00  0    690.00V    690.00  010       0          
00002508910401591 032992     10730202011031      0.00  0    690.00V    690.00  010       0          
00002509500401591 044131     10455202011051      0.00  0    690.00V    690.00  010       0          
00002511320401591 034001     10737202012031      0.00  0    690.00V    690.00  010       0          
00002512840401591 037327     10736202011301      0.00  0    690.00V    690.00  010       0          
00002513380401591 044071     10569202011301      0.00  0    690.00V    690.00  010       0          
00002514000401591 030370     10631202012091      0.00  0    690.00V    690.00  010       0          
00002514940401591 041934     10620202012141      0.00  0    690.00V    690.00  010       0          
00002515520401591 038068     10739202012161      0.00  0    690.00V    690.00  010       0          
00002518760401591 039751     10546202101041      0.00  0    690.00V    690.00  010       0          
00002522710401591 046584     10743202101181      0.00  0    690.00V    690.00  010       0          
00002527380401591 037966     10748202102021      0.00  0    690.00V    690.00  010       0          
00002527880401591 045566     10753202102081      0.00  0    690.00V    690.00  010       0          
00002528150401591 045036     10746202102081      0.00  0    690.00V    690.00  010       0          
00002528791401591 031831      2510202102082 284759.82 18  15819.99F  15819.99 1610       0          
00002528790401591 031831     10380202102081      0.00  0    690.00V    690.00  010       0          
00002529230401591 042897     10750202102081      0.00  0    690.00V    690.00  010       0          
00002529240401591 038335     10752202102081      0.00  0    690.00V    690.00  010       0          
00002529460401591 039765     10751202102081      0.00  0    690.00V    690.00  010       0          
00002532180401591 038598     10525202102101      0.00  0    690.00V    690.00  010       0          
00002540950401591 044071      2601202103112  34309.80 12   2859.15F   2859.15 1210       0          
00002543320401591 041592      2623202103152  34309.80 12   2859.15F   2859.15 1210       0          
00002544770401591 045871     10762202103221      0.00  0    690.00V    690.00  010       0          
00002545640401591 031629      2667202103232 149607.00 15   9973.80F   9973.80 1510       0          
00002545680401591 040557     10197202103221      0.00  0    690.00V    690.00  010       0          
00002545681401591 040557      2656202103222 142915.86 18   7939.77F   7939.77 1510       0          
00002545750401591 035859     10757202103221      0.00  0    690.00V    690.00  010       0          
00002545790401591 042951     10747202103221      0.00  0    690.00V    690.00  010       0          
00002546310401591 035569     10755202103221      0.00  0    690.00V    690.00  010       0          
00002546511401591 041638      2668202103232  92532.60 15   6168.84F   6168.84 1510       0          
00002546510401591 041638     10758202103231      0.00  0    690.00V    690.00  010       0          
00002546531401591 037146      2666202103232 249490.80 15  16632.72F  16632.72 1510       0          
00002546530401591 037146     10732202103231      0.00  0    690.00V    690.00  010       0          
00002547030401591 033460     10756202103221      0.00  0    690.00V    690.00  010       0          
00002547031401591 033460      2661202103222 142915.86 18   7939.77F   7939.77 1510       0          
00002547060401591 043334     10764202103221      0.00  0    690.00V    690.00  010       0          
00002547061401591 043334      2664202103222 100432.80 18   5579.60F   5579.60 1510       0          
00002547650401591 038555     10766202103291      0.00  0    590.00V    590.00  05220220530          
00002547950401591 044666     10611202103301      0.00  0    690.00V    690.00  010       0          
00002548990401591 037417      2688202103292 106802.55 15   7120.17F   7120.17 1410       0          
00002549210401591 046677     10765202103301      0.00  0    690.00V    690.00  010       0          
00002549460401591 034722     10470202103301      0.00  0    690.00V    690.00  010       0          
00002551620401591 045329     10768202104121      0.00  0    690.00V    690.00  010       0          
00002554310401591 038479     10772202104201      0.00  0    590.00V    590.00  05220220530          
00002555930401591 037902     10760202104271      0.00  0    690.00V    690.00  010       0          
00002556510401591 040383     10770202104191      0.00  0    690.00V    690.00  010       0          
00002556511401591 040383      2797202104192 206685.45 15  13779.03F  13779.03 1410       0          
00002558140401591 033819     10584202104261      0.00  0    690.00V    690.00  010       0          
00002558570401591 040566     10339202104261      0.00  0    690.00V    690.00  010       0          
00002559260401591 032137     10650202105041      0.00  0    690.00V    690.00  010       0          
00002559410401591 043642     10685202105031      0.00  0    690.00V    690.00  010       0          
00002559560401591 037314      2844202105032  92712.30 15   6180.82F   6180.82 1310       0          
00002560380401591 039765      2845202105032 164186.70 15  10945.78F  10945.78 1310       0          
00002560440401591 042649     10135202105031      0.00  0    690.00V    690.00  010       0          
00002560760401591 038828     10761202105031      0.00  0    690.00V    690.00  010       0          
00002560940401591 043701     10774202105031      0.00  0    690.00V    690.00  010       0          
00002561760401591 037876     10775202105031      0.00  0    690.00V    690.00  010       0          
00002561761401591 037876      2849202105032 207070.50 15  13804.70F  13804.70 1310       0          
00002563300401591 041681     10771202105101      0.00  0    690.00V    690.00  010       0          
00002563431401591 030613      2919202105172 129854.28 12  10821.19F  10821.19 1210       0          
00002563430401591 030613     10777202105171      0.00  0    690.00V    690.00  010       0          
00002563960401591 035699      2917202105172 123066.96 12  10255.58F  10255.58 1210       0          
00002564101401591 044737      2964202106042  61987.68 12   5165.64F   5165.64 1210       0          
00002564100401591 044737     10632202106041      0.00  0    690.00V    690.00  010       0          
00002565151401591 041868      2920202105172 109495.08 12   9124.59F   9124.59 115220220530          
00002565150401591 041868     10773202105171      0.00  0    690.00V    690.00  010       0          
00002566071401591 037307      2932202105262 129854.28 12  10821.19F  10821.19 1210       0          
00002566070401591 037307     10769202105261      0.00  0    690.00V    690.00  010       0          
00002567221401591 039329      2933202105262 197718.84 12  16476.57F  16476.57 1210       0          
00002567220401591 039329      9875202105261      0.00  0    690.00V    690.00  010       0          
00002567510401591 031564     10780202105261      0.00  0    690.00V    690.00  010       0          
00002568841401591 042555      2943202106012  41626.80 12   3468.90F   3468.90 1210       0          
00002568840401591 042555     10781202106011      0.00  0    690.00V    690.00  010       0          
00002569020401591 041222      2979202106082  75559.80 12   6296.65F   6296.65 1210       0          
00002569060401591 039751      2970202106072  28053.12 12   2337.76F   2337.76 1210       0          
00002570220401591 037473      2963202106042  20360.28 12   1696.69F   1696.69 115220220530          
00002570230401591 037473      2962202106042 127137.72 12  10594.81F  10594.81 115220220530          
00002570450401591 038661     10776202106071      0.00  0    690.00V    690.00  010       0          
00002570601401591 034462      2968202106072  61987.68 12   5165.64F   5165.64 1210       0          
00002570600401591 034462     10783202106071      0.00  0    690.00V    690.00  010       0          
00002572490401591 045761     10609202106141      0.00  0    690.00V    690.00  010       0          
00002573540401591 042841     10114202106241      0.00  0    690.00V    690.00  010       0          
00002573541401591 042841      3028202106242 301775.76 18  16765.32F  16765.32 1210       0          
00002574280401591 044242     10308202106221      0.00  0    690.00V    690.00  010       0          
00002574281401591 044242      3016202106222 129854.28 12  10821.19F  10821.19 1210       0          
00002574700401591 040830     10711202106221      0.00  0    690.00V    690.00  010       0          
00002574890401591 045178     10784202106221      0.00  0    690.00V    690.00  010       0          
00002574891401591 045178      3019202106222 129854.28 12  10821.19F  10821.19 1210       0          
00002575530401591 047539     10787202106281      0.00  0    690.00V    690.00  010       0          
00002576790401591 038792      3057202107052  95921.40 12   7993.45F   7993.45 1110       0          
00002578060401591 044143     10790202107051      0.00  0    690.00V    690.00  010       0          
00002578220401591 033948      3056202107052 129854.28 12  10821.19F  10821.19 1110       0          
00002579760401591 043787      3104202107162  75559.80 12   6296.65F   6296.65 1110       0          
00002580420401591 043153      3106202107162 210079.65 15  14005.31F  14005.31 1110       0          
00002581590401591 042656     10792202107261      0.00  0    690.00V    690.00  010       0          
00002581650401591 037327      3138202107262 120351.12 12  10029.26F  10029.26 1110       0          
00002583250401591 046385     10793202108091      0.00  0    690.00V    690.00  010       0          
00002583380401591 042220     10794202108091      0.00  0    690.00V    690.00  010       0          
00002583381401591 042220      3201202108092 157000.08 12  13083.34F  13083.34 1010       0          
00002583440401591 044071      3179202108042  57879.45 15   3858.63F   3858.63 1010       0          
00002583550401591 037314      3209202108102  51128.64 12   4260.72F   4260.72 1010       0          
00002583991401591 035308      3202202108092 129854.28 12  10821.19F  10821.19  910       0          
00002583990401591 035308     10797202108091      0.00  0    690.00V    690.00  010       0          
00002585660401591 042823     10786202108171      0.00  0    690.00V    690.00  010       0          
00002585661401591 042823      3241202108172  55200.48 12   4600.04F   4600.04 1010       0          
00002585991401591 041703      3247202108172  61987.68 12   5165.64F   5165.64 1010       0          
00002585990401591 041703     10800202108171      0.00  0    690.00V    690.00  010       0          
00002586260401591 041868      3240202108172 166590.15 15  11106.01F  11106.01 1010       0          
00002588600401591 038598      3273202108232  23981.52 12   1998.46F   1998.46 1010       0          
00002588900401591 035038      3268202108202  89133.36 12   7427.78F   7427.78 1010       0          
00002588920401591 041592      3275202108232  48413.40 12   4034.45F   4034.45 1010       0          
00002589450401591 031564      3284202108252  59271.12 12   4939.26F   4939.26 1010       0          
00002590220401591 038334     10803202108271      0.00  0    690.00V    690.00  010       0          
00002590221401591 038334      3286202108272 141069.24 18   7837.18F   7837.18 1010       0          
00002591160401591 039311     10744202108271      0.00  0    690.00V    690.00  010       0          
00002591370401591 047311     10804202108301      0.00  0    690.00V    690.00  010       0          
00002591371401591 047311      3295202108302  75559.80 12   6296.65F   6296.65 1010       0          
00002591670401591 042046     10805202108301      0.00  0    690.00V    690.00  010       0          
00002591671401591 042046      3296202108302 282550.20 15  18836.68F  18836.68  910       0          
00002591860401591 040209     10324202108301      0.00  0    690.00V    690.00  010       0          
00002591861401591 040209      3298202108302 210079.65 15  14005.31F  14005.31 1010       0          
00002592581401591 038418      3319202109022 300226.86 18  16679.27F  16679.27  910       0          
00002592580401591 038418     10796202109021      0.00  0    690.00V    690.00  010       0          
00002592660401591 046211      3343202109082 129854.28 12  10821.19F  10821.19  910       0          
00002592671401591 044252      3318202109022 122463.63  9  13607.07F  13607.07  910       0          
00002592670401591 044252     10303202109021      0.00  0    690.00V    690.00  010       0          
00002592750401591 042951      3320202109022  89133.36 12   7427.78F   7427.78  910       0          
00002593350401591 040492      3336202109062 123066.96 12  10255.58F  10255.58  910       0          
00002593400401591 037729      3335202109062 103433.13  9  11492.57F  11492.57  910       0          
00002594410401591 043707     10813202109131      0.00  0    690.00V    690.00  010       0          
00002594411401591 043707      3369202109132 282550.20 15  18836.68F  18836.68  910       0          
00002594450401591 030674      3353202109092 137601.60 15   9173.44F   9173.44  910       0          
00002594590401591 038802      3354202109092 282550.20 15  18836.68F  18836.68  910       0          
00002594671401591 039454      3352202109092 192245.04  9  21360.56F  21360.56  910       0          
00002594670401591 039454     10808202109091      0.00  0    690.00V    690.00  010       0          
00002595530401591 034320      3357202109092  41626.80 12   3468.90F   3468.90  910       0          
00002596130401591 038551     10812202109131      0.00  0    690.00V    690.00  010       0          
00002596131401591 038551      3368202109132 282550.20 15  18836.68F  18836.68  910       0          
00002596610401591 044143      3366202109132  34840.68 12   2903.39F   2903.39  910       0          
00002597330401591 031309     10801202109131      0.00  0    690.00V    690.00  010       0          
00002597331401591 031309      3367202109132  38912.04 12   3242.67F   3242.67  910       0          
00002597370401591 033435     10810202109101      0.00  0    690.00V    690.00  010       0          
00002597410401591 046705     10795202109161      0.00  0    690.00V    690.00  010       0          
00002597411401591 046705      3387202109162 197718.84 12  16476.57F  16476.57  910       0          
00002597980401591 031831      3385202109162 173842.65 15  11589.51F  11589.51  910       0          
00002598410401591 041638      3388202109162 111509.70 15   7433.98F   7433.98  910       0          
00002598991401591 037100      3396202109202 179558.10  9  19950.90F  19950.90  910       0          
00002598990401591 037100     10815202109201      0.00  0    690.00V    690.00  010       0          
00002599040401591 032327     10811202109201      0.00  0    690.00V    690.00  010       0          
00002599041401591 032327      3397202109202  41626.80 12   3468.90F   3468.90  910       0          
00002600331401591 041068      3418202109242 224572.95 15  14971.53F  14971.53  910       0          
00002600330401591 041068     10818202109241      0.00  0    690.00V    690.00  010       0          
00002600430401591 047160     10822202109241      0.00  0    690.00V    690.00  010       0          
00002600431401591 047160      3419202109242  18552.12 12   1546.01F   1546.01  910       0          
00002601700401591 046736     10825202109301      0.00  0    690.00V    690.00  010       0          
00002601701401591 046736      3438202109302 157000.08 12  13083.34F  13083.34  810       0          
00002601961401591 045757      3437202109302 202831.80 15  13522.12F  13522.12  810       0          
00002601960401591 045757     10821202109301      0.00  0    690.00V    690.00  010       0          
00002603720401591 037966      3450202110042  59026.95  9   6558.55F   6558.55  810       0          
00002604040401591 046833     10817202110041      0.00  0    690.00V    690.00  010       0          
00002604041401591 046833      3453202110042 157000.08 12  13083.34F  13083.34  810       0          
00002604190401591 034046      3449202110042 122463.63  9  13607.07F  13607.07  810       0          
00002604230401591 033950     10807202110041      0.00  0    690.00V    690.00  010       0          
00002604231401591 033950      3452202110042 163784.88 12  13648.74F  13648.74  810       0          
00002605180401591 033460      3451202110042 163784.88 12  13648.74F  13648.74  810       0          
00002605860401591 035286     10823202110121      0.00  0    690.00V    690.00  010       0          
00002605861401591 035286      3492202110122 266114.28 12  22176.19F  22176.19  810       0          
00002606040401591 041868      3493202110122  48519.00 12   4043.25F   4043.25  810       0          
00002606840401591 032393      3511202110142 135365.58  9  15040.62F  15040.62  810       0          
00002606900401591 044071      3483202110072  52218.00 15   3481.20F   3481.20  810       0          
00002607040401591 038828      3519202110142  84537.63  9   9393.07F   9393.07  810       0          
00002607160401591 037417      3520202110142 164114.64 12  13676.22F  13676.22  810       0          
00002607730401591 034740     10827202110141      0.00  0    690.00V    690.00  010       0          
00002607731401591 034740      3521202110142 130116.84 12  10843.07F  10843.07  810       0          
00002608090401591 040772      3523202110142  64838.40 12   5403.20F   5403.20  810       0          
00002609870401591 040059      3532202110182 198115.68 12  16509.64F  16509.64  710       0          
00002610150401591 034320      3534202110182 184516.44 12  15376.37F  15376.37  810       0          
00002610821401591 030515      3550202110212 123318.24 12  10276.52F  10276.52  710       0          
00002610820401591 030515     10830202110211      0.00  0    690.00V    690.00  010       0          
00002611160401591 045761      3549202110212  34919.28 12   2909.94F   2909.94  75220220530          
00002611770401591 040830      3556202110252  44438.40 12   3703.20F   3703.20  710       0          
00002612600401591 037146      3559202110252 130116.84 12  10843.07F  10843.07  810       0          
00002613190401591 042805      3560202110252 252516.72 12  21043.06F  21043.06  810       0          
00002613670401591 045316      3558202110252 170915.88 12  14242.99F  14242.99  810       0          
00002613840401591 044143      3562202110252  48519.00 12   4043.25F   4043.25  810       0          
00002615030401591 034623     10831202110251      0.00  0    690.00V    690.00  010       0          
00002615031401591 034623      3561202110252  46417.05  9   5157.45F   5157.45  710       0          
00002615900401591 034400      3594202111022  77077.56 12   6423.13F   6423.13  710       0          
00002616511401591 038544      3574202110282 266114.28 12  22176.19F  22176.19  710       0          
00002616510401591 038544     10828202110281      0.00  0    690.00V    690.00  010       0          
00002617150401591 037115      3665202111122  89318.04 12   7443.17F   7443.17  710       0          
00002617610401591 038792      3584202111012  33710.85  9   3745.65F   3745.65  710       0          
00002617701401591 036750      3573202110282 266114.28 12  22176.19F  22176.19  710       0          
00002617700401591 036750     10819202110281      0.00  0    690.00V    690.00  010       0          
00002618571401591 038872      3618202111052 266114.28 12  22176.19F  22176.19  710       0          
00002618570401591 038872     10833202111051      0.00  0    690.00V    690.00  010       0          
00002619300401591 038679     10834202111051      0.00  0    690.00V    690.00  010       0          
00002619800401591 047214     10832202111031      0.00  0    690.00V    690.00  010       0          
00002619801401591 047214      3606202111032 266114.28 12  22176.19F  22176.19  710       0          
00002619860401591 043259     10835202111081      0.00  0    690.00V    690.00  010       0          
00002619861401591 043259      3630202111082 266114.28 12  22176.19F  22176.19  710       0          
00002619910401591 043153      3634202111092  72557.85 15   4837.19F   4837.19  710       0          
00002620800401591 031564      3644202111092  62117.76 12   5176.48F   5176.48  710       0          
00002621030401591 037473      3655202111112  80091.09  9   8899.01F   8899.01  710       0          
00002621040401591 037473      3654202111112  48958.38  9   5439.82F   5439.82  710       0          
00002622040401591 038598      3670202111122  48519.00 12   4043.25F   4043.25  710       0          
00002622430401591 041592      3683202111162  48519.00 12   4043.25F   4043.25  710       0          
00002622460401591 046612      3674202111152  29479.44 12   2456.62F   2456.62  710       0          
00002622571401591 032860      3688202111162  96116.88 12   8009.74F   8009.74  710       0          
00002622570401591 032860     10153202111161      0.00  0    690.00V    690.00  010       0          
00002622930401591 038434      3671202111122 117876.36 12   9823.03F   9823.03  710       0          
00002622940401591 038434      3672202111122 116516.52 12   9709.71F   9709.71  710       0          
00002623320401591 041037     10298202111171      0.00  0    690.00V    690.00  010       0          
00002623321401591 041037      3692202111172 179838.09  9  19982.01F  19982.01  710       0          
00002623960401591 038815     10607202111231      0.00  0    690.00V    690.00  010       0          
00002623961401591 038815      3704202111232  89318.04 12   7443.17F   7443.17  610       0          
00002623971401591 033348      3706202111232  82517.16 12   6876.43F   6876.43  610       0          
00002623970401591 033348     10686202111231      0.00  0    690.00V    690.00  010       0          
00002624670401591 040830      3736202111252  41878.44 12   3489.87F   3489.87  610       0          
00002624680401591 040830      3735202111252 215952.72 12  17996.06F  17996.06  610       0          
00002624710401591 038547     10842202111291      0.00  0    690.00V    690.00  010       0          
00002624711401591 038547      3745202111292 140820.48  9  15646.72F  15646.72  610       0          
00002624840401591 037876      3703202111232 130116.84 12  10843.07F  10843.07  610       0          
00002624880401591 031820     10837202111231      0.00  0    690.00V    690.00  010       0          
00002624881401591 031820      3707202111232 266114.28 12  22176.19F  22176.19  610       0          
00002626511401591 035907      3740202111262 142517.40 12  11876.45F  11876.45  610       0          
00002626510401591 035907     10838202111261      0.00  0    690.00V    690.00  010       0          
00002626600401591 035038      3751202111302 183316.08 12  15276.34F  15276.34  610       0          
00002627440401591 034320      3763202112022 155325.15 15  10355.01F  10355.01  610       0          
00002628361401591 045633      3806202112132 128916.12 12  10743.01F  10743.01  610       0          
00002628360401591 045633     10847202112131      0.00  0    690.00V    690.00  010       0          
00002628471401591 046748      3815202112142 264913.56 12  22076.13F  22076.13  610       0          
00002628470401591 046748     10836202112141      0.00  0    690.00V    690.00  010       0          
00002628810401591 045178      3805202112132 142517.40 12  11876.45F  11876.45  610       0          
00002629000401591 040772      3808202112132  97638.48 12   8136.54F   8136.54  610       0          
00002629121401591 043085      3807202112132  28278.72 12   2356.56F   2356.56  610       0          
00002629120401591 043085     10820202112131      0.00  0    690.00V    690.00  010       0          
00002629320401591 037314      3804202112132  59558.28 12   4963.19F   4963.19  610       0          
00002629720401591 041814     10849202112151      0.00  0    690.00V    690.00  010       0          
00002629721401591 041814      3828202112152  39158.40 12   3263.20F   3263.20  610       0          
00002630040401591 034458      3823202112152 138672.30  6  23112.05F  23112.05  610       0          
00002630341401591 032621      3844202112202 264913.56 12  22076.13F  22076.13  610       0          
00002630340401591 032621     10854202112201      0.00  0    690.00V    690.00  010       0          
00002630780401591 039311      3822202112152  40519.32 12   3376.61F   3376.61  610       0          
00002630790401591 044666      3826202112152 196914.96 12  16409.58F  16409.58  610       0          
00002630830401591 044452      3824202112152 121759.02  9  13528.78F  13528.78  610       0          
00002631101401591 046838      3843202112202 185294.07  9  20588.23F  20588.23  610       0          
00002631100401591 046838     10853202112201      0.00  0    690.00V    690.00  010       0          
00002631150401591 042751     10855202112201      0.00  0    690.00V    690.00  010       0          
00002631151401591 042751      3846202112202  88116.60 12   7343.05F   7343.05  610       0          
00002631191401591 043005      3837202112172 185294.07  9  20588.23F  20588.23  610       0          
00002631190401591 043005     10851202112171      0.00  0    690.00V    690.00  010       0          
00002631690401591 043642      3847202112202 135716.52 12  11309.71F  11309.71  610       0          
00002640330401591 044071      3972202202082  88708.35 15   5913.89F   5913.89  410       0          
00002640840401591 040492      4002202202112 137788.44 12  11482.37F  11482.37  410       0          
00002642370401591 039594      3993202202102 199874.28 12  16656.19F  16656.19  410       0          
00002642500401591 031831      3985202202102  75701.64 12   6308.47F   6308.47  410       0          
00002642910401591 041511     10857202202101      0.00  0    690.00V    690.00  010       0          
00002642911401591 041511      3991202202102 183313.80 15  12220.92F  12220.92  410       0          
00002643010401591 039234      3992202202102  82600.32 12   6883.36F   6883.36  410       0          
00002643220401591 040209      4014202202142 110195.04 12   9182.92F   9182.92  410       0          
00002643560401591 041839      4015202202142 130890.48 12  10907.54F  10907.54  410       0          
00002644510401591 034001      4042202202172 241266.60 12  20105.55F  20105.55  410       0          
00002645090401591 040772      4044202202182  88808.88 12   7400.74F   7400.74  410       0          
00002645350401591 037417      4061202202222  75701.64 12   6308.47F   6308.47  410       0          
00002645430401591 040557      4057202202212 158483.52 12  13206.96F  13206.96  410       0          
00002646070401591 035699      4055202202212 227469.12 12  18955.76F  18955.76  410       0          
00002646130401591 036751     10860202202211      0.00  0    690.00V    690.00  010       0          
00002646131401591 036751      4056202202212 130890.48 12  10907.54F  10907.54  410       0          
00002646970401591 035569      4071202202242 138966.75 15   9264.45F   9264.45  410       0          
00002647190401591 042059     10138202202241      0.00  0    690.00V    690.00  010       0          
00002647191401591 042059      4078202202242  20356.80  6   3392.80F   3392.80  410       0          
00002647520401591 030674      4076202202242 172279.20 12  14356.60F  14356.60  410       0          
00002647560401591 036346      4074202202242 303349.92 12  25279.16F  25279.16  410       0          
00002647580401591 041592      4075202202242  20514.12 12   1709.51F   1709.51  410       0          
00002647660401591 038551      4081202202252  75701.64 12   6308.47F   6308.47  410       0          
00002647770401591 037327      4077202202242 110195.04 12   9182.92F   9182.92  410       0          
00002647800401591 040059      4068202202232  82600.32 12   6883.36F   6883.36  410       0          
00002648080401591 047539      4085202202252  71804.79  9   7978.31F   7978.31  310       0          
00002648250401591 033950      4089202203022 172279.20 12  14356.60F  14356.60  310       0          
00002648430401591 034400      4223202203212  32305.20  6   5384.20F   5384.20  310       0          
00002648621401591 044101      4133202203072  75701.64 12   6308.47F   6308.47  310       0          
00002648620401591 044101     10865202203071      0.00  0    690.00V    690.00  010       0          
00002648781401591 030330      4140202203082 310252.32 12  25854.36F  25854.36  310       0          
00002648780401591 030330     10848202203081      0.00  0    690.00V    690.00  010       0          
00002648970401591 033819      4129202203072  48107.28 12   4008.94F   4008.94  310       0          
00002648980401591 033819      4130202203072  20514.12 12   1709.51F   1709.51  310       0          
00002649430401591 039775     10095202203101      0.00  0    690.00V    690.00  010       0          
00002649431401591 039775      4154202203102  32538.75 15   2169.25F   2169.25  310       0          
00002649840401591 032992      4155202203102 187477.29  9  20830.81F  20830.81  310       0          
00002650360401591 034320      4189202203142  33247.08  9   3694.12F   3694.12  210       0          
00002650711401591 041282      4180202203142 255067.44 12  21255.62F  21255.62  310       0          
00002650710401591 041282     10868202203141      0.00  0    690.00V    690.00  010       0          
00002651040401591 040773     10867202203141      0.00  0    690.00V    690.00  010       0          
00002651041401591 040773      4179202203142 192977.88 12  16081.49F  16081.49  310       0          
00002651940401591 035264     10873202203251      0.00  0    690.00V    690.00  010       0          
00002651941401591 035264      4244202203252 199874.28 12  16656.19F  16656.19  310       0          
00002651950401591 041868      4227202203212  26032.92 12   2169.41F   2169.41  310       0          
00002652120401591 042897      4224202203212  96397.80 12   8033.15F   8033.15  310       0          
00002652140401591 035859      4228202203212 199874.28 12  16656.19F  16656.19  310       0          
00002652300401591 041638      4232202203222 110195.04 12   9182.92F   9182.92  310       0          
00002652340401591 046705      4237202203232  61905.96 12   5158.83F   5158.83  310       0          
00002652510401591 045071     10872202203231      0.00  0    690.00V    690.00  010       0          
00002652511401591 045071      4242202203232 268863.24 12  22405.27F  22405.27  310       0          
00002652911401591 046297      4230202203222 155344.86  9  17260.54F  17260.54  310       0          
00002652910401591 046297     10870202203221      0.00  0    690.00V    690.00  010       0          
00002653061401591 045789      4231202203222 116788.32  9  12976.48F  12976.48  310       0          
00002653060401591 045789     10871202203221      0.00  0    690.00V    690.00  010       0          
00002653480401591 040830      4222202203212  46099.98  9   5122.22F   5122.22  310       0          
00002653500401591 038679      4225202203212 174623.58  9  19402.62F  19402.62  310       0          
00002653700401591 045761      4219202203212  23454.96 12   1954.58F   1954.58  310       0          
00002653710401591 045761      4221202203212  37070.16 12   3089.18F   3089.18  310       0          
00002654050401591 032860      4226202203212 103296.84 12   8608.07F   8608.07  310       0          
00002654310401591 030207      4236202203222 241266.60 12  20105.55F  20105.55  310       0          
00002654951401591 046334      4272202204042  97508.61  9  10834.29F  10834.29  210       0          
00002654950401591 046334     10876202204041      0.00  0    690.00V    690.00  010       0          
00002655341401591 045708      4275202204052 187477.29  9  20830.81F  20830.81  210       0          
00002655340401591 045708     10877202204051      0.00  0    690.00V    690.00  010       0          
00002655560401591 043707      4281202204052  71804.79  9   7978.31F   7978.31  210       0          
00002655920401591 044875      4273202204042 234367.92 12  19530.66F  19530.66  210       0          
00002656920401591 042023      4291202204072 165384.12 12  13782.01F  13782.01  210       0          
00002656970401591 044071      4294202204072 161139.60 15  10742.64F  10742.64  210       0          
00002657370401591 041934      4292202204072  65378.34  9   7264.26F   7264.26  210       0          
00002657481401591 046523      4290202204072 161771.58  9  17974.62F  17974.62  210       0          
00002657480401591 046523     10879202204071      0.00  0    690.00V    690.00  010       0          
00002659580401591 034400      4366202204202  20513.70  6   3418.95F   3418.95  210       0          
00002659620401591 033435      4314202204112 341830.92 12  28485.91F  28485.91  210       0          
00002660730401591 045566      4357202204182 272045.40 12  22670.45F  22670.45  210       0          
00002660790401591 042435     10886202204191      0.00  0    690.00V    690.00  010       0          
00002660791401591 042435      4363202204192  91962.18  9  10218.02F  10218.02  210       0          
00002661670401591 034320      4371202204212  98447.67  9  10938.63F  10938.63  210       0          
00002662140401591 044131      4367202204202  83635.68 12   6969.64F   6969.64  210       0          
00002662400401591 039311      4372202204212  68621.52  6  11436.92F  11436.92  210       0          
00002662980401591 034462      4387202204252 111549.36 12   9295.78F   9295.78  210       0          
00002663021401591 044348      4388202204252 195718.50  9  21746.50F  21746.50  210       0          
00002663020401591 044348     10890202204251      0.00  0    690.00V    690.00  010       0          
00002663330401591 042656      4384202204222  34789.08 12   2899.09F   2899.09  210       0          
00002663630401591 038551      4396202204282  72507.78  9   8056.42F   8056.42  110       0          
00002663830401591 037314      4398202204282  48745.80 12   4062.15F   4062.15  110       0          
00002663890401591 041592      4395202204282  48745.80 12   4062.15F   4062.15  110       0          
00002664270401591 041868      4394202204282  78993.45  9   8777.05F   8777.05  110       0          
00002664671401591 047182      4407202205032  20629.26  9   2292.14F   2292.14  020       0          
00002664670401591 047182     10896202205031      0.00  0    690.00V    690.00  020       0          
00002664900401591 032393      4397202204282  78993.45  9   8777.05F   8777.05  110       0          
00002664990401591 048727     10895202204281      0.00  0    690.00V    690.00  010       0          
00002665020401591 046831     10893202204281      0.00  0    690.00V    690.00  010       0          
00002665021401591 046831      4399202204282 195718.50  9  21746.50F  21746.50  110       0          
00002665030401591 048764     10894202204281      0.00  0    690.00V    690.00  010       0          
00002665310401591 045761      4402202205022  20832.72 12   1736.06F   1736.06  110       0          
00002665320401591 045761      4401202205022  34789.08 12   2899.09F   2899.09  110       0          
00002665600401591 037966      4435202205092 124386.57  9  13820.73F  13820.73  110       0          
00002666200401591 047160      4440202205092  20629.26  9   2292.14F   2292.14  110       0          
00002666671401591 047488      4449202205102  27114.12  9   3012.68F   3012.68  020       0          
00002666670401591 047488     10898202205101      0.00  0    690.00V    690.00  020       0          
00002667041401591 046194      4415202205062 189237.87  9  21026.43F  21026.43  110       0          
00002667040401591 046194     10897202205061      0.00  0    690.00V    690.00  010       0          
00002668741401591 038280      4477202205122  33599.07  9   3733.23F   3733.23  020       0          
00002668740401591 038280     10899202205121      0.00  0    690.00V    690.00  020       0          
00002668830401591 039775      4473202205122  28614.45 15   1907.63F   1907.63  110       0          
00002669400401591 037473      4475202205122  83635.68 12   6969.64F   6969.64  110       0          
00002669410401591 037473      4476202205122 145044.72 12  12087.06F  12087.06  110       0          
00002669420401591 032309      4465202205122  30602.64 12   2550.22F   2550.22  110       0          
