00002497571110031 033033   1106652202009082 228015.00 36   6333.75F   6333.75 2110       00000000000
00002497581110031 033033   1106652202009082 263700.36 36   7325.01F   7325.01 2110       00000000000
00002497621110031 038040   1106562202009072 147696.96 24   6154.04F   6154.04 2110       00000000000
00002497631110031 041380   1106769202009092 111979.44 36   3110.54F   3110.54 2110       00000000000
00002497641110031 041380   1106769202009092 320851.44 36   8912.54F   8912.54 2110       00000000000
00002497651110031 041593   1106470202009072 399803.04 36  11105.64F  11105.64 2110       00000000000
00002497661110031 041593   1106470202009072 112771.44 36   3132.54F   3132.54 2110       00000000000
00002497801110031 033189   1107735202009222 167920.92 36   4664.47F   4664.47 2010       00000000000
00002497811110031 033189   1107735202009222 279685.44 36   7769.04F   7769.04 2010       00000000000
00002497851110031 037754   1107220202009152  67958.28 36   1887.73F   1887.73 2110       00000000000
00002497861110031 037754   1107220202009152  90442.08 36   2512.28F   2512.28 2110       00000000000
00002498021110031 037890   1107148202009152 217284.84 36   6035.69F   6035.69 2110       00000000000
00002498081110031 034869   1107259202009162  53955.72 36   1498.77F   1498.77 2110       00000000000
00002498091110031 034869   1107259202009162 414075.60 36  11502.10F  11502.10 2110       00000000000
00002498251110031 039639   1107156202009152 433711.44 36  12047.54F  12047.54 2110       00000000000
00002498261110031 039639   1107156202009152 105154.56 36   2920.96F   2920.96 2110       00000000000
00002498651110031 039673   1107090202009142 271605.96 36   7544.61F   7544.61 2110       00000000000
00002498851110031 037026   1107032202009112   5430.96 36    150.86F    150.86 2110       00000000000
00002498861110031 037026   1107032202009112 320061.60 36   8890.60F   8890.60 2110       00000000000
00002499451110031 031667   1108370202009282 100602.72 36   2794.52F   2794.52 2010       00000000000
00002499981110031 037918   1107629202009212 534520.44 36  14847.79F  14847.79 2010       00000000000
00002500091110031 035606   1107632202009212 102225.96 36   2839.61F   2839.61 2010       00000000000
00002500101110031 035606   1107632202009212 286713.72 36   7964.27F   7964.27 2010       00000000000
00002500151110031 038778   1107910202009232 300504.60 36   8347.35F   8347.35 2010       00000000000
00002500291110031 039670   1107743202009222  38092.68 36   1058.13F   1058.13 2010       00000000000
00002500301110031 039670   1107743202009222  94451.04 36   2623.64F   2623.64 2010       00000000000
00002500891110031 032140   1108328202009282 458072.28 36  12724.23F  12724.23 2010       00000000000
00002500901110031 032140   1108328202009282 181613.88 36   5044.83F   5044.83 2010       00000000000
00002500951110031 033455   1108303202009282  86880.48 24   3620.02F   3620.02 2010       00000000000
00002501031110031 030790   1108302202009282  26374.32 36    732.62F    732.62 2010       00000000000
00002501041110031 030790   1108302202009282 250446.24 36   6956.84F   6956.84 2010       00000000000
00002501151110031 042848   1108422202009292 293536.80 36   8153.80F   8153.80 2010       00000000000
00002501161110031 042848   1108422202009292 257062.68 36   7140.63F   7140.63 2010       00000000000
00002501361110031 035635   1108342202009282  87003.00 36   2416.75F   2416.75 2010       00000000000
00002501371110031 035635   1108342202009282 454687.56 36  12630.21F  12630.21 2010       00000000000
00002501901110031 043186   1108382202009292 207863.64 36   5773.99F   5773.99 2010       00000000000
00002501911110031 043186   1108382202009292 291891.24 36   8108.09F   8108.09 2010       00000000000
00002501921110031 039791   1108287202009252  58232.16 36   1617.56F   1617.56 2010       00000000000
00002501941110031 046612   1108361202009282   9595.44 36    266.54F    266.54 2010       00000000000
00002501951110031 046612   1108361202009282 357398.28 36   9927.73F   9927.73 2010       00000000000
00002502051110031 045222   1109627202010132  12529.80 36    348.05F    348.05 2010       00000000000
00002502061110031 045222   1109627202010132 290582.28 36   8071.73F   8071.73 2010       00000000000
00002502071110031 037293   1108383202009292 104256.72 24   4344.03F   4344.03 2010       00000000000
00002502481110031 038648   1108876202010052  76928.04 36   2136.89F   2136.89 2010       00000000000
00002502491110031 038648   1108876202010052 240307.56 36   6675.21F   6675.21 2010       00000000000
00002502641110031 037479   1108889202010052 270616.08 24  11275.67F  11275.67 2010       00000000000
00002502651110031 037479   1108889202010052  90806.88 24   3783.62F   3783.62 2010       00000000000
00002502661110031 045430   1109692202010132 327848.40 36   9106.90F   9106.90 2010       00000000000
00002502671110031 045430   1109692202010132 201891.60 36   5608.10F   5608.10 2010       00000000000
00002503021110031 033568   1108877202010052 280430.64 36   7789.74F   7789.74 2010       00000000000
00002503031110031 033568   1108877202010052 219106.80 36   6086.30F   6086.30 2010       00000000000
00002503091110031 033732   1109091202010062 225758.88 36   6271.08F   6271.08 2010       00000000000
00002503201110031 038333   1109109202010072  13843.08 36    384.53F    384.53 2010       00000000000
00002503211110031 038333   1109109202010072 291876.48 36   8107.68F   8107.68 2010       00000000000
00002503411110031 035290   1109787202010142 232711.92 36   6464.22F   6464.22 2010       00000000000
00002504101110031 038306   1109637202010132  58254.48 36   1618.18F   1618.18 2010       00000000000
00002504111110031 038306   1109637202010132 339159.24 36   9421.09F   9421.09 2010       00000000000
00002504221110031 037774   1109805202010142  96762.24 36   2687.84F   2687.84 2010       00000000000
00002504231110031 037774   1109805202010142 205263.36 36   5701.76F   5701.76 2010       00000000000
00002504641110031 044602   1109794202010142  82645.56 36   2295.71F   2295.71 2010       00000000000
00002504651110031 044602   1109794202010142 111606.84 36   3100.19F   3100.19 2010       00000000000
00002504681110031 028177   1109925202010142 112137.48 36   3114.93F   3114.93 2010       00000000000
00002504691110031 028177   1109925202010142 398481.48 36  11068.93F  11068.93 2010       00000000000
00002504821110031 029035   1110634202010222  28776.96 36    799.36F    799.36 1890       00000000000
00002504831110031 029035   1110634202010222 759531.96 36  21098.11F  21098.11 1890       00000000000
00002504911110031 041100   1110381202010202 191832.24 24   7993.01F   7993.01 1910       00000000000
00002504941110031 031368   1110380202010202  99497.52 24   4145.73F   4145.73 1910       00000000000
00002504951110031 031368   1110380202010202  87295.68 24   3637.32F   3637.32 1910       00000000000
00002505001110031 043944   1110379202010202 343637.28 36   9545.48F   9545.48 1910       00000000000
00002505011110031 043944   1110379202010202  90280.08 36   2507.78F   2507.78 1910       00000000000
00002505461110031 036845   1110387202010202  77414.16 24   3225.59F   3225.59 1910       00000000000
00002505471110031 036845   1110387202010202 183227.28 24   7634.47F   7634.47 1910       00000000000
00002505751110031 045612   1110369202010192 309294.48 24  12887.27F  12887.27 1910       00000000000
00002506111110031 031870   1111147202010282  42146.64 36   1170.74F   1170.74 1910       00000000000
00002506121110031 031870   1111147202010282 504106.92 36  14002.97F  14002.97 1910       00000000000
00002506171110031 039440   1111042202010282  86281.56 36   2396.71F   2396.71 1910       00000000000
00002506181110031 039440   1111042202010282 385226.28 36  10700.73F  10700.73 1910       00000000000
00002506271110031 035016   1111159202010282  98614.80 36   2739.30F   2739.30 1910       00000000000
00002506281110031 035016   1111159202010282 458068.32 36  12724.12F  12724.12 1910       00000000000
00002506621110031 030154   1110977202010262 184635.54 18  10257.53F  10257.53 1754201802210000000000
00002507231110031 045596   1112346202011102 104296.68 36   2897.13F   2897.13 1910       00000000000
00002507671110031 036952   1111578202010302 192966.48 36   5360.18F   5360.18 1910       00000000000
00002507681110031 036952   1111578202010302 308743.92 36   8576.22F   8576.22 1910       00000000000
00002508841110031 032682   1112010202011052  19303.56 36    536.21F    536.21 1910       00000000000
00002508851110031 032682   1112010202011052 572145.12 36  15892.92F  15892.92 1910       00000000000
00002509181110031 035583   1112109202011092  89861.04 36   2496.14F   2496.14 1772202205310000000000
00002509191110031 035583   1112109202011092 199127.52 36   5531.32F   5531.32 1772202205310000000000
00002510041110031 038589   1112569202011122 288119.52 36   8003.32F   8003.32 1710       00000000000
00002511191110031 034506   1114704202012042  81472.32 24   3394.68F   3394.68 1810       00000000000
00002511811110031 042666   1113801202011302 111516.00 24   4646.50F   4646.50 1810       00000000000
00002511821110031 042666   1113801202011302 149125.44 24   6213.56F   6213.56 1810       00000000000
00002514281110031 043657   1115563202012162 185292.24 24   7720.51F   7720.51 1810       00000000000
00002515671110031 037174   1116711202012282 223476.96 24   9311.54F   9311.54 1710       00000000000
00002516781110031 032673   1116176202012212  83410.08 24   3475.42F   3475.42 1710       00000000000
00002516791110031 032673   1116176202012212 161358.72 24   6723.28F   6723.28 1710       00000000000
00002519831110031 039168   1118095202101122 116949.84 24   4872.91F   4872.91 1710       00000000000
00002519841110031 039168   1118095202101122 219145.44 24   9131.06F   9131.06 1710       00000000000
00002522161110031 034719   1118608202101152  44882.16 24   1870.09F   1870.09 1710       00000000000
00002522171110031 034719   1118608202101152  53130.96 24   2213.79F   2213.79 1710       00000000000
00002523041110031 035820   1120732202102052 116471.76 24   4852.99F   4852.99 1610       00000000000
00002523051110031 035820   1120732202102052 318516.24 24  13271.51F  13271.51 1610       00000000000
00002525991110031 038633   1120247202102022  58847.04 18   3269.28F   3269.28 1610       00000000000
00002526001110031 038633   1120247202102022 101246.04 18   5624.78F   5624.78 1610       00000000000
00002526861110031 033149   1121011202102092  76721.28 24   3196.72F   3196.72 1610       00000000000
00002531491110031 038052   1121900202102182 181106.40 24   7546.10F   7546.10 1610       00000000000
00002531501110031 038052   1121900202102182 219744.24 24   9156.01F   9156.01 1610       00000000000
00002538431110031 038272   1123415202103042 116994.06 18   6499.67F   6499.67 1510       00000000000
00002540371110031 042237   1124508202103152  80118.72 24   3338.28F   3338.28 1510       00000000000
00002540381110031 042237   1124508202103152 261003.84 24  10875.16F  10875.16 1510       00000000000
00002543901110031 039957   1125587202103252 170449.92 48   3551.04F   3551.04 1410       00000000000
00002543911110031 039957   1125587202103252 527834.88 48  10996.56F  10996.56 1410       00000000000
00002555521110031 039380   1127437202104202 146278.92 12  12189.91F  12189.91 1154201802210000000000
00002556521110031 043095   1127714202104272  77103.12 24   3212.63F   3212.63 1310       00000000000
00002558121110031 035677   1127747202104272 218728.08 24   9113.67F   9113.67 1310       00000000000
00002560621110031 040538   1127957202104302 104824.32 24   4367.68F   4367.68 1310       00000000000
00002560631110031 040538   1127957202104302 110848.56 24   4618.69F   4618.69 1310       00000000000
00002564211110031 035092   1129223202105182 131096.16 24   5462.34F   5462.34 1210       00000000000
00002564221110031 035092   1129223202105182 118724.88 24   4946.87F   4946.87 1210       00000000000
00002565061110031 037591   1129219202105182 127067.28 24   5294.47F   5294.47 1210       00000000000
00002569301110031 042639   1130467202106082 171999.12 24   7166.63F   7166.63 1210       00000000000
00002570041110031 034546   1132063202106302 143842.32 24   5993.43F   5993.43 1110       00000000000
00002570051110031 034546   1132063202106302 128983.68 24   5374.32F   5374.32 1110       00000000000
00002571761110031 042067   1131381202106222 126927.36 24   5288.64F   5288.64 1110       00000000000
00002571771110031 042067   1131381202106222  57652.56 24   2402.19F   2402.19 1110       00000000000
00002572011110031 031667   1130993202106152  70992.24 24   2958.01F   2958.01 1210       00000000000
00002579891110031 032718   1133569202107192 153357.12 18   8519.84F   8519.84 1010       00000000000
00002580791110031 047435   1135136202108052 107343.60 20   5367.18F   5367.18 1010       00000000000
00002583071110031 042996   1135151202108052 318733.80 30  10624.46F  10624.46 1010       00000000000
00002583081110031 042996   1135151202108052 117248.40 30   3908.28F   3908.28 1010       00000000000
00002588311110031 030865   1137281202108302 185119.20 24   7713.30F   7713.30  910       00000000000
00002591541110031 032703   1137444202108312 682963.92 24  28456.83F  28456.83  910       00000000000
00002594051110031 040538   1138285202109092 251618.16 24  10484.09F  10484.09  910       00000000000
00002598021110031 045145   1138976202109162 602264.10 30  20075.47F  20075.47  910       00000000000
00002599151110031 035691   1139987202109292  95255.52 24   3968.98F   3968.98  810       00000000000
00002600271110031 045065   1139814202109272 337707.60 24  14071.15F  14071.15  810       00000000000
00002601171110031 043552   1139777202109272 491950.20 30  16398.34F  16398.34  810       00000000000
00002601921110031 033406   1140073202109302 427871.10 30  14262.37F  14262.37  810       00000000000
00002606141110031 047258   1140891202110132 699599.70 30  23319.99F  23319.99  810       00000000000
00002608691110031 039825   1141663202110202 164989.68 24   6874.57F   6874.57  710       00000000000
00002611201110031 043007   1141873202110212 281664.90 30   9388.83F   9388.83  710       00000000000
00002612621110031 035677   1142001202110222 264022.80 30   8800.76F   8800.76  710       00000000000
00002613311110031 039960   1142141202110252 120059.16 12  10004.93F  10004.93  710       00000000000
00002613941110031 045144   1142350202110272 151798.92 12  12649.91F  12649.91  710       00000000000
00002616551110031 039168   1142865202111032 617848.92 36  17162.47F  17162.47  710       00000000000
00002616841110031 042118   1142637202110292 119498.88  6  19916.48F  19916.48  554201802210000000000
00002617671110031 047975   1142864202111032 180088.68 12  15007.39F  15007.39  710       00000000000
00002620751110031 047200   1143609202111112 119498.88  6  19916.48F  19916.48  554201802210000000000
00002624821110031 040538   1145063202111292  98850.00 24   4118.75F   4118.75  610       00000000000
00002625361110031 036526   1144796202111252 729759.60 36  20271.10F  20271.10  610       00000000000
00002625371110031 036526   1144796202111252 353293.20 36   9813.70F   9813.70  610       00000000000
00002627451110031 028179   1146034202112102 220798.44 12  18399.87F  18399.87  610       00000000000
00002630401110031 035691   1146643202112282 123611.40 36   3433.65F   3433.65  510       00000000000
00002630411110031 035691   1146643202112282 494237.52 36  13728.82F  13728.82  510       00000000000
00002632041110031 036778   1147080202201032 175052.80 20   8752.64F   8752.64  510       00000000000
00002632251110031 036307   1146777202112292 167586.12 18   9310.34F   9310.34  510       00000000000
00002632391110031 041132   1146587202112272 137999.04 12  11499.92F  11499.92  510       00000000000
00002634381110031 039455   1147528202201102 137999.04 12  11499.92F  11499.92  510       00000000000
00002636971110031 040543   1148488202201242 137999.04 12  11499.92F  11499.92  410       00000000000
00002638731110031 034795   1149281202201312 150234.00 15  10015.60F  10015.60  410       00000000000
00002638881110031 044448   1149275202201312 153840.60 12  12820.05F  12820.05  410       00000000000
00002639131110031 033930   1149321202202012 148246.44 12  12353.87F  12353.87  410       00000000000
00002640101110031 043815   1149931202202082 167826.12 12  13985.51F  13985.51  410       00000000000
00002641111110031 030944   1150304202202112 422538.96 24  17605.79F  17605.79  410       00000000000
00002644811110031 040549   1150881202202212 139855.08 12  11654.59F  11654.59  310       00000000000
00002645451110031 032049   1150966202202222 136065.60 24   5669.40F   5669.40  310       00000000000
00002645571110031 047619   1150927202202212 193000.08 12  16083.34F  16083.34  310       00000000000
00002646791110031 040434   1151180202202242  75117.00 15   5007.80F   5007.80  310       00000000000
00002647331110031 030377   1151152202202242  11301.10 10   1130.11F   1130.11  310       00000000000
00002647341110031 030377   1151152202202242 245731.10 10  24573.11F  24573.11  310       00000000000
00002649351110031 039016   1152264202203162 456555.60 36  12682.10F  12682.10  310       00000000000
00002649361110031 039016   1152264202203162 341440.56 36   9484.46F   9484.46  310       00000000000
00002649531110031 033431   1152460202203182 277010.28 36   7694.73F   7694.73  310       00000000000
00002649541110031 033431   1152460202203182 343133.64 36   9531.49F   9531.49  310       00000000000
00002650281110031 040505   1152404202203182  36969.48 36   1026.93F   1026.93  310       00000000000
00002650291110031 040505   1152404202203182 336988.80 36   9360.80F   9360.80  310       00000000000
00002653021110031 042738   1153127202203302  76221.00 12   6351.75F   6351.75  210       00000000000
00002653261110031 035661   11532862022040521110876.48 36  30857.68F  30857.68  210       00000000000
00002655771110031 030911   1153303202204062 419565.36 12  34963.78F  34963.78  210       00000000000
00002657441110031 034522   1153557202204122 274028.60 20  13701.43F  13701.43  210       00000000000
00002658421110031 038906   1153612202204122  74363.04 36   2065.64F   2065.64  210       00000000000
00002658431110031 038906   1153612202204122 200446.56 36   5567.96F   5567.96  210       00000000000
00002658601110031 028179   1153933202204212  70705.56 12   5892.13F   5892.13  110       00000000000
00002660851110031 044086   1153757202204182  27858.00 12   2321.50F   2321.50  210       00000000000
00002661101110031 035712   1153729202204182 202629.96 36   5628.61F   5628.61  210       00000000000
00002661471110031 044448   1154068202204262 112415.76 24   4683.99F   4683.99  110       00000000000
00002662371110031 046098   1154020202204252 781744.68 36  21715.13F  21715.13  110       00000000000
00002664811110031 041132   1154313202205022 240266.40 12  20022.20F  20022.20  110       00000000000
00002667841110031 032191   1154708202205122 689004.48 48  14354.26F  14354.26  110       00000000000
00002667851110031 032191   1154708202205122 344807.04 48   7183.48F   7183.48  110       00000000000
