00002407711401111 040474   1408587201904102  46300.00 36   3303.73F   3303.73 3110       00000000000
00002421321401111 041869   1433313201906102 175704.12 36   4880.67F   4880.67 3510       00000000000
00002422211401111 046963   1434309201906182 149900.00 36  10696.08F  10696.08 3310       00000000000
00002424361401111 033938   1454188201907022 113539.68 36   3153.88F   3153.88 3510       00000000000
00002430451401111 040025    390547201908062 376839.00 36  10467.75F  10467.75 3410       00000000000
00002431781401111 045529    390802201908142 184951.44 36   5137.54F   5137.54 3410       00000000000
00002433221401111 037889    391074201908222 175704.12 36   4880.67F   4880.67 3410       00000000000
00002433441401111 039945    391191201908272 114567.12 36   3182.42F   3182.42 3410       00000000000
00002433991401111 031788    391167201908262 106860.96 36   2968.36F   2968.36 3410       00000000000
00002436561401111 041551    391771201909122 430316.64 36  11953.24F  11953.24 3310       00000000000
00002436851401111 043201    392061201909182 244419.84 36   6789.44F   6789.44 3310       00000000000
00002437951401111 032354    392350201909272 229502.16 36   6375.06F   6375.06 3210       00000000000
00002440131401111 033189    392572201910042 165528.36 36   4598.01F   4598.01 3210       00000000000
00002442111401111 038714    393352201910252  23810.76 36    661.41F    661.41 3110       00000000000
00002443561401111 038074    393257201910242 433759.32 36  12048.87F  12048.87 3110       00000000000
00002443661401111 032705    393206201910222  68276.88 36   1896.58F   1896.58 2530       00000000000
00002443991401111 035957    393260201910242 151758.36 36   4215.51F   4215.51 3110       00000000000
00002446211401111 045695    393572201911052  76883.40 36   2135.65F   2135.65 3110       00000000000
00002446671401111 032980    393626201911072 573755.76 36  15937.66F  15937.66 2990       00000000000
00002449311401111 044908    394013201911142 153192.60 36   4255.35F   4255.35 3010       00000000000
00002449591401111 032172    394060201911152  32704.20 36    908.45F    908.45 3010       00000000000
00002449961401111 040040    394242201911202  85202.64 36   2366.74F   2366.74 3010       00000000000
00002450361401111 041387    394567201911262 256181.76 36   7116.16F   7116.16 3010       00000000000
00002451141401111 044668    394260201911202  99546.48 36   2765.18F   2765.18 3010       00000000000
00002451481401111 034755    394541201911252 247288.68 36   6869.13F   6869.13 3010       00000000000
00002451581401111 041259    394275201911202  40449.60 36   1123.60F   1123.60 3010       00000000000
00002451701401111 046580    394561201911262 168971.04 36   4693.64F   4693.64 3010       00000000000
00002452261401111 035569    394698201911282 268517.52 36   7458.82F   7458.82 3010       00000000000
00002452271401111 035569    394697201911282 240403.68 36   6677.88F   6677.88 3010       00000000000
00002452591401111 043000    394661201911272 168110.28 36   4669.73F   4669.73 3010       00000000000
00002454091401111 042581    394884201912042 268230.60 36   7450.85F   7450.85 3010       00000000000
00002455961401111 045061    395408201912132 424865.88 36  11801.83F  11801.83 3010       00000000000
00002456481401111 038280    395474201912162 129668.76 36   3601.91F   3601.91 3010       00000000000
00002456551401111 041773    395346201912122 137127.60 36   3809.10F   3809.10 3010       00000000000
00002458201401111 043743    395974201912302 202822.56 36   5633.96F   5633.96 2910       00000000000
00002458461401111 039720    395986202001022 117333.00 36   3259.25F   3259.25 2910       00000000000
00002459321401111 034583    396271202001102  55654.20 36   1545.95F   1545.95 2910       00000000000
00002459701401111 032456    396610202001162 131676.84 36   3657.69F   3657.69 2330       00000000000
00002461701401111 042728    396797202001202  80612.64 36   2239.24F   2239.24 2910       00000000000
00002463461401111 040994    397297202001292  40163.04 36   1115.64F   1115.64 2910       00000000000
00002463951401111 041498    397286202001292  69137.64 36   1920.49F   1920.49 2910       00000000000
00002464171401111 030293    397404202001312  69998.04 36   1944.39F   1944.39 2810       00000000000
00002467951401111 041620    454720202002182 113537.88 36   3153.83F   3153.83 2810       00000000000
00002468401401111 035625    454719202002202  56891.52 36   1580.32F   1580.32 2510       00000000000
00002469601401111 034722    454907202002272 180483.84 36   5013.44F   5013.44 2810       00000000000
00002471391401111 032191    455376202003092 107407.44 36   2983.54F   2983.54 2710       00000000000
00002472661401111 032077    455837202003172  82758.60 36   2298.85F   2298.85 2710       00000000000
00002473031401111 040050    455639202003122 109176.12 36   3032.67F   3032.67 2310       00000000000
00002474231401111 047433    455747202003162 449094.24 36  12474.84F  12474.84 2710       00000000000
00002474261401111 037687    455838202003172 104266.44 36   2896.29F   2896.29 2710       00000000000
00002475471401111 045222    455787202003162  93278.88 36   2591.08F   2591.08 2710       00000000000
00002479081401111 034847    397500202003202 220923.36 36   6136.76F   6136.76 2610       00000000000
00002479141401111 034335    397645202003202  68264.28 36   1896.23F   1896.23 2610       00000000000
00002479161401111 037622    397546202003202 187025.04 36   5195.14F   5195.14 2610       00000000000
00002479181401111 040474    454808202003202  50263.20 36   1396.20F   1396.20 2210       00000000000
00002480251401111 046068    454124202003202 343191.24 36   9533.09F   9533.09 2610       00000000000
00002480761401111 046202    481142202004302 462420.00 36  12845.00F  12845.00 2510       00000000000
00002480791401111 039398    481172202005052 285340.20 30   9511.34F   9511.34 2510       00000000000
00002481131401111 040148   3355704202005112 329208.60 30  10973.62F  10973.62 2510       00000000000
00002481871401111 033412   3356030202005202  70306.80 30   2343.56F   2343.56 2410       00000000000
00002481961401111 045889   3355931202005152  82644.90 30   2754.83F   2754.83 2410       00000000000
00002485481401111 039957   3356746202006192  93024.30 30   3100.81F   3100.81 2410       00000000000
00002488961401111 044276   3356954202007132 106939.20 24   4455.80F   4455.80 2310       00000000000
00002491031401111 045727   3357644202007242  94003.50 30   3133.45F   3133.45 2310       00000000000
00002494281401111 039311   3358813202008312  47001.90 30   1566.73F   1566.73 2110       00000000000
00002531791401111 042783   3862896202102242 199413.00 30   6647.10F   6647.10 1210       00000000000
00002538181401111 040208   3863019202102262 204083.70 30   6802.79F   6802.79 1510       00000000000
00002547361401111 044590   3864510202103262 291606.00 30   9720.20F   9720.20 1510       00000000000
00002548081401111 031402   3864538202103292 507670.50 30  16922.35F  16922.35 1510       00000000000
00002552661401111 034136   3865117202104122 355210.08 24  14800.42F  14800.42 1410       00000000000
00002559011401111 032288         0202104262  38786.10 30   1292.87F   1292.87 1410       00000000000
00002561121401111 047315   3866209202105032  60108.30 30   2003.61F   2003.61 1310       00000000000
00002569101401111 035712   3867739202106092  91583.70 30   3052.79F   3052.79 1210       00000000000
00002576941401111 043743   3868721202107052 236806.56 24   9866.94F   9866.94 1110       00000000000
00002593561401111 041232   3871432202109062 445489.44 48   9281.03F   9281.03  910       00000000000
00002596371401111 034819   3872117202109142 187695.36 36   5213.76F   5213.76  910       00000000000
00002596381401111 034819   3872116202109142 233652.24 36   6490.34F   6490.34  910       00000000000
00002598271401111 040555   3872419202109202 219386.88 48   4570.56F   4570.56  910       00000000000
00002598281401111 040555   3872420202109202 191963.52 48   3999.24F   3999.24  910       00000000000
00002598481401111 036731   3872444202109162 131520.00 48   2740.00F   2740.00  910       00000000000
00002599921401111 045493   3872889202109232 381968.16 48   7957.67F   7957.67  910       00000000000
00002601901401111 030293   3873004202109242 608070.72 48  12668.14F  12668.14  910       00000000000
00002601911401111 030293   3873003202109242 210152.16 48   4378.17F   4378.17  910       00000000000
00002602001401111 033865   3873000202109272 312290.40 48   6506.05F   6506.05  910       00000000000
00002602321401111 037616   3873163202109302 861877.44 48  17955.78F  17955.78  730       00000000000
00002606281401111 043331   3873273202110052 618144.48 48  12878.01F  12878.01  810       00000000000
00002608771401111 038799   3873834202110182 709368.96 48  14778.52F  14778.52  810       00000000000
00002608781401111 038799   3873839202110182 118927.68 48   2477.66F   2477.66  810       00000000000
00002609461401111 031793   3873842202110152 341672.64 48   7118.18F   7118.18  810       00000000000
00002610531401111 042002   3873852202110182 177785.04 24   7407.71F   7407.71  810       00000000000
00002618331401111 035397   3874419202111042 421347.60 36  11704.10F  11704.10  710       00000000000
00002619351401111 047072   3874577202111082  85343.52 12   7111.96F   7111.96  710       00000000000
00002619971401111 036731   3874601202111102 209312.64 48   4360.68F   4360.68  710       00000000000
00002626251401111 040628   3875241202111292 161461.92 48   3363.79F   3363.79  610       00000000000
00002627001401111 032814   3875295202112072 385885.44 48   8039.28F   8039.28  610       00000000000
00002627011401111 032814   3875294202112072 367137.12 48   7648.69F   7648.69  610       00000000000
00002629951401111 037670   3875637202112162 432267.84 36  12007.44F  12007.44  610       00000000000
00002631731401111 045786   3875681202112202 232818.72 48   4850.39F   4850.39  610       00000000000
00002633031401111 039665   3875791202112272 280389.60 48   5841.45F   5841.45  610       00000000000
00002634401401111 031309   3875984202201052 282628.32 48   5888.09F   5888.09  510       00000000000
00002638631401111 036520   3876804202201312 168115.44 24   7004.81F   7004.81  410       00000000000
00002639411401111 038366   3876806202201312 184135.20 24   7672.30F   7672.30  410       00000000000
00002642931401111 045075   3877388202202112  99984.00 48   2083.00F   2083.00  410       00000000000
00002644231401111 047715         0202202172 488907.36 48  10185.57F  10185.57  410       00000000000
00002646751401111 035397   3877914202202242 212139.84 48   4419.58F   4419.58  410       00000000000
00002646761401111 035397   3877913202202242 359652.48 48   7492.76F   7492.76  410       00000000000
00002648471401111 047315   3878048202203032 265464.96 48   5530.52F   5530.52  310       00000000000
00002650071401111 033865   3878566202203152 499340.64 48  10402.93F  10402.93  310       00000000000
00002651191401111 043331   3878591202203142  48687.84 48   1014.33F   1014.33  310       00000000000
00002651201401111 043331   3878594202203142 579907.20 48  12081.40F  12081.40  310       00000000000
00002651221401111 038511   3878583202203112 233006.40 48   4854.30F   4854.30  310       00000000000
00002651471401111 031793   3878940202203212 167799.36 48   3495.82F   3495.82  310       00000000000
00002651481401111 031793   3878941202203212 500789.28 48  10433.11F  10433.11  310       00000000000
00002651521401111 035289   3879249202203312 265754.40 48   5536.55F   5536.55  210       00000000000
00002652941401111 043093   3878939202203212 491225.76 48  10233.87F  10233.87  310       00000000000
00002657971401111 042002   3879620202204122 394719.36 48   8223.32F   8223.32  210       00000000000
00002658271401111 035626   3879586202204112 155916.96 48   3248.27F   3248.27  210       00000000000
00002659381401111 039058   3879787202204142 171275.52 48   3568.24F   3568.24  210       00000000000
00002662331401111 038577   3880012202204212 209700.96 48   4368.77F   4368.77  210       00000000000
00002662921401111 047315   3880114202204222 114680.16 48   2389.17F   2389.17  210       00000000000
00002665001401111 044051   3880236202205022 131063.04 48   2730.48F   2730.48  110       00000000000
00002667961401111 040914   3880724202205122 836719.20 48  17431.65F  17431.65  110       00000000000
