00002255340100181 029962   4639997201706062  80000.00 60   3525.71V   3525.71 5990       00000000000
00002255350100181 029962   4640001201706062  90000.00 60   3966.42V   3966.42 5990       00000000000
00002261710100181 031047   4688401201707112  60000.00 60   2644.28V   2644.28 5910       00000000000
00002305010100181 039729   4920807201712062 190000.00 60   8373.56V   8373.56 5410       00000000000
00002314780100181 035583   5010239201801302 150000.00 60   6610.70V   6610.70 5210       00000000000
00002323600100181 037270   5078585201803092 100000.00 60   4407.13V   4407.13 5110       00000000000
00002323610100181 037270   5078596201803092  53000.00 60   2335.78V   2335.78 5110       00000000000
00002345150100181 032819   5235764201806082   1000.00 48     47.19V     47.19 4810       00000000000
00002345160100181 032819   5235744201806082  92000.00 48   4341.00V   4341.00 4810       00000000000
00002347690100181 034063   5265073201806282  59000.00 48   2783.90V   2783.90 4710       00000000000
00002347700100181 034063   5265081201806282 110000.00 48   5190.32V   5190.32 4710       00000000000
00002352760100181 032464   5334265201808132 155000.00 48   8039.37V   8039.37 4590       00000000000
