00002495991102331 032456   6004919202009102  52666.56 48   1097.22F   1097.22 2030       00000000000
00002496001102331 032456   6004919202009102 441086.88 48   9189.31F   9189.31 2030       00000000000
00002504521102331 033156   6036238202010212 774759.36 48  16140.82F  16140.82 1910       00000000000
00002505101102331 045600   6035808202010222  15841.92 48    330.04F    330.04 2010       00000000000
00002505111102331 045600   6035808202010222 396449.76 48   8259.37F   8259.37 2010       00000000000
00002505241102331 038286   6036442202010232 162381.36 24   6765.89F   6765.89 2010       00000000000
00002505251102331 038286   6036442202010232 192381.36 24   8019.03F   8019.03 2010       00000000000
00002506351102331 038756   6039379202010292 166909.44 48   3477.28F   3477.28 1910       00000000000
00002506961102331 042364   6039376202010292 122068.32 48   2543.09F   2543.09 1910       00000000000
00002508101102331 037860   6046820202011102 253193.28 48   5274.86F   5274.86 1910       00000000000
00002508111102331 037860   6046820202011102 314797.44 48   6558.28F   6558.28 1910       00000000000
00002508801102331 044098   6041783202011022  99647.52 48   2075.99F   2075.99 1910       00000000000
00002508901102331 044526   6040207202010302  64770.72 48   1349.39F   1349.39 1910       00000000000
00002511171102331 044798   6050484202011242  83688.24 24   3487.01F   3487.01 1710       00000000000
00002511261102331 041500   6062395202011272 223151.04 48   4648.98F   4648.98 1710       00000000000
00002511271102331 041500   6062395202011272 412101.60 48   8585.45F   8585.45 1710       00000000000
00002511651102331 033956   6064659202011302 637743.84 48  13286.33F  13286.33 1710       00000000000
00002512211102331 046609   6062429202011242 167376.48 24   6974.02F   6974.02 1710       00000000000
00002512291102331 040953   6062386202011252 774759.36 48  16140.82F  16140.82 1710       00000000000
00002512731102331 040281   6070855202012102 332256.96 36   9229.36F   9229.36 1810       00000000000
00002513201102331 030695   6070773202012142 384966.00 24  16040.25F  16040.25 1810       00000000000
00002513581102331 039976   6070871202012112 103185.36 36   2866.26F   2866.26 1810       00000000000
00002513621102331 039871   6067597202012162 307972.56 24  12832.19F  12832.19 1810       00000000000
00002514111102331 044361   6072100202012172 167376.48 24   6974.02F   6974.02 1810       00000000000
00002514221102331 042793   6085267202012232 144949.92 48   3019.79F   3019.79 1710       00000000000
00002514231102331 042793   6085267202012232  86730.72 48   1806.89F   1806.89 1710       00000000000
00002514261102331 037716   6069909202012142 201236.16 48   4192.42F   4192.42 1790       00000000000
00002514271102331 037716   6069909202012142 620855.52 48  12934.49F  12934.49 1790       00000000000
00002514371102331 040923   6068287202012102 206370.72 36   5732.52F   5732.52 1810       00000000000
00002514381102331 042956   6070583202012102 677603.04 48  14116.73F  14116.73 1810       00000000000
00002514391102331 042720   6070665202012112 432960.00 48   9020.00F   9020.00 1810       00000000000
00002514401102331 042720   6070665202012112 242151.84 48   5044.83F   5044.83 1810       00000000000
00002514731102331 041121   6068278202012152 662655.84 48  13805.33F  13805.33 1810       00000000000
00002514851102331 045688   6072107202012162 555534.72 48  11573.64F  11573.64 1810       00000000000
00002514961102331 040225   6067932202012182 123822.36 36   3439.51F   3439.51 1810       00000000000
00002515181102331 037812   6072125202012172  72563.04 48   1511.73F   1511.73 1810       00000000000
00002515191102331 037812   6072125202012172 380832.96 48   7934.02F   7934.02 1810       00000000000
00002515301102331 035318   6072318202012182  48634.56 48   1013.22F   1013.22 1810       00000000000
00002515311102331 035318   6072318202012182 609038.88 48  12688.31F  12688.31 1810       00000000000
00002515551102331 035907   6070857202012152 336395.52 48   7008.24F   7008.24 1810       00000000000
00002515561102331 035907   6070857202012152 376084.32 48   7835.09F   7835.09 1810       00000000000
00002515581102331 030790   6083910202012182  64770.72 48   1349.39F   1349.39 1810       00000000000
00002515651102331 032006   6072387202012182 334320.48 36   9286.68F   9286.68 1810       00000000000
00002515701102331 037140   6072108202012172 115451.04 48   2405.23F   2405.23 1810       00000000000
00002515711102331 037140   6072108202012172 579590.40 48  12074.80F  12074.80 1810       00000000000
00002515751102331 033036   6072105202012142 657673.44 48  13701.53F  13701.53 1810       00000000000
00002515961102331 037094   6084476202012232 822091.68 48  17126.91F  17126.91 1710       00000000000
00002516191102331 036871   6084599202012232  57693.60 36   1602.60F   1602.60 1710       00000000000
00002516201102331 036871   6084599202012232 138358.44 36   3843.29F   3843.29 1710       00000000000
00002516581102331 030510   6085174202012292 237704.16 48   4952.17F   4952.17 1710       00000000000
00002516591102331 030510   6085174202012292 616773.12 48  12849.44F  12849.44 1710       00000000000
00002516741102331 038755   6083945202012232  37228.32 48    775.59F    775.59 1710       00000000000
00002516751102331 038755   6083945202012232 530762.40 48  11057.55F  11057.55 1710       00000000000
00002516841102331 032718   6084854202012232 167376.48 24   6974.02F   6974.02 1710       00000000000
00002516971102331 032409   6084540202012232  46659.84 48    972.08F    972.08 1710       00000000000
00002516981102331 032409   6084540202012232 170073.60 48   3543.20F   3543.20 1710       00000000000
00002517191102331 032474   6087643202101042 964089.60 48  20085.20F  20085.20 1710       00000000000
00002517291102331 040257   6089726202101052 381618.24 24  15900.76F  15900.76 1710       00000000000
00002517301102331 047414   6087645202101052 412741.44 36  11465.04F  11465.04 1710       00000000000
00002517371102331 044102   6090518202101082 321007.68 48   6687.66F   6687.66 1710       00000000000
00002517381102331 044102   6090518202101082 356595.36 48   7429.07F   7429.07 1710       00000000000
00002517431102331 034159   6089301202101082  90168.96 48   1878.52F   1878.52 1710       00000000000
00002517441102331 034159   6089301202101082 171405.60 48   3570.95F   3570.95 1710       00000000000
00002517591102331 038163   6095117202101152  94847.04 48   1975.98F   1975.98 1710       00000000000
00002517601102331 038163   6095117202101152 348584.16 48   7262.17F   7262.17 1710       00000000000
00002518021102331 034514   6090243202101062 981528.00 48  20448.50F  20448.50 1710       00000000000
00002518051102331 043140   6092707202101122 124559.52 48   2594.99F   2594.99 1710       00000000000
00002518071102331 037758   6094552202101182  47379.84 48    987.08F    987.08 1710       00000000000
00002518081102331 037758   6094552202101182 807097.44 48  16814.53F  16814.53 1710       00000000000
00002518371102331 040080   6094589202101152 648003.96 36  18000.11F  18000.11 1710       00000000000
00002518411102331 047703   6090494202101132 421010.88 48   8771.06F   8771.06 1710       00000000000
00002518691102331 037493   6093661202101132 365441.28 48   7613.36F   7613.36 1710       00000000000
00002518701102331 037493   6093661202101132 451668.48 48   9409.76F   9409.76 1710       00000000000
00002518881102331 034895   6090851202101152 167376.48 24   6974.02F   6974.02 1710       00000000000
00002518901102331 043557   6108811202101222 604666.08 36  16796.28F  16796.28 1710       00000000000
00002519011102331 039724   6109540202101222 238726.08 48   4973.46F   4973.46 1710       00000000000
00002519021102331 039724   6109540202101222 568418.88 48  11842.06F  11842.06 1710       00000000000
00002519041102331 043358   6095562202101152 687567.84 48  14324.33F  14324.33 1710       00000000000
00002519101102331 040832   6094568202101152  83688.24 24   3487.01F   3487.01 1710       00000000000
00002519171102331 045950   6093737202101152  69219.36 48   1442.07F   1442.07 1710       00000000000
00002519181102331 045950   6093737202101152 301967.52 48   6290.99F   6290.99 1710       00000000000
00002519191102331 039069   6092884202101142 189379.68 48   3945.41F   3945.41 1710       00000000000
00002519201102331 039069   6092884202101142 518117.76 48  10794.12F  10794.12 1710       00000000000
00002519341102331 033475   6108705202101202 416136.96 48   8669.52F   8669.52 1710       00000000000
00002519351102331 033475   6108705202101202 376060.80 48   7834.60F   7834.60 1710       00000000000
00002519531102331 043490   6095564202101152 107121.12 48   2231.69F   2231.69 1710       00000000000
00002519571102331 037577   6091948202101152 251064.72 24  10461.03F  10461.03 1710       00000000000
00002519941102331 042235   6095729202101182 153944.64 48   3207.18F   3207.18 1710       00000000000
00002519951102331 042235   6095729202101182 179874.72 48   3747.39F   3747.39 1710       00000000000
00002519971102331 030700   6094844202101142 113693.28 48   2368.61F   2368.61 1710       00000000000
00002519981102331 030700   6094844202101142 651101.28 48  13564.61F  13564.61 1710       00000000000
00002519991102331 046646   6093662202101152 133901.28 24   5579.22F   5579.22 1710       00000000000
00002520051102331 043682   6094619202101142 119191.92 24   4966.33F   4966.33 1710       00000000000
00002520061102331 043682   6094619202101142 222256.08 24   9260.67F   9260.67 1710       00000000000
00002520091102331 032502   6093778202101132 189127.68 48   3940.16F   3940.16 1710       00000000000
00002520101102331 032502   6093778202101132 488475.36 48  10176.57F  10176.57 1710       00000000000
00002520211102331 045548   6091940202101152 107312.76 36   2980.91F   2980.91 1710       00000000000
00002520281102331 044303   6092942202101182  86174.28 36   2393.73F   2393.73 1710       00000000000
00002520291102331 044303   6092942202101182 431816.40 36  11994.90F  11994.90 1710       00000000000
00002520601102331 034878   6109980202101222   2696.64 48     56.18F     56.18 1710       00000000000
00002520611102331 034878   6109980202101222 131827.68 48   2746.41F   2746.41 1710       00000000000
00002520691102331 041338   6096332202101192 123822.36 36   3439.51F   3439.51 1710       00000000000
00002521271102331 036511   6096330202101192 334752.96 24  13948.04F  13948.04 1710       00000000000
00002521351102331 047404   6108702202101212 338100.48 24  14087.52F  14087.52 1710       00000000000
00002521411102331 031293   6096655202101192 428484.48 48   8926.76F   8926.76 1690       00000000000
00002521571102331 039311   6109204202101212  84700.32 48   1764.59F   1764.59 1710       00000000000
00002521801102331 044360   6108095202101192 697532.64 48  14531.93F  14531.93 1710       00000000000
00002522151102331 042000   6096331202101212 435442.32 36  12095.62F  12095.62 1710       00000000000
00002522381102331 040042   6110141202101222  94961.28 48   1978.36F   1978.36 1710       00000000000
00002522391102331 040042   6110141202101222 308611.20 48   6429.40F   6429.40 1710       00000000000
00002522671102331 036524   6107898202101222 137995.20 36   3833.20F   3833.20 1630       00000000000
00002522681102331 036524   6107898202101222 549219.24 36  15256.09F  15256.09 1630       00000000000
00002522761102331 034984   6096552202101192  92173.92 48   1920.29F   1920.29 1710       00000000000
00002522801102331 032628   6116450202102032  84377.28 48   1757.86F   1757.86 1610       00000000000
00002522811102331 032628   6116450202102032 884694.72 48  18431.14F  18431.14 1610       00000000000
00002523071102331 038537   6117290202102022 140368.68 36   3899.13F   3899.13 1610       00000000000
00002523081102331 038537   6117290202102022 121722.12 36   3381.17F   3381.17 1610       00000000000
00002523191102331 037754   6111419202101282  62279.52 48   1297.49F   1297.49 1610       00000000000
00002523251102331 047164   6118144202102022  72244.32 48   1505.09F   1505.09 1610       00000000000
00002523551102331 046712   6116923202102042 501480.72 36  13930.02F  13930.02 1610       00000000000
00002523611102331 040113   6112045202101292 211522.08 48   4406.71F   4406.71 1610       00000000000
00002523621102331 040113   6112045202101292 468572.16 48   9761.92F   9761.92 1610       00000000000
00002526051102331 046562   6116146202102082 474640.32 48   9888.34F   9888.34 1610       00000000000
00002526061102331 046562   6116146202102082 242821.92 48   5058.79F   5058.79 1610       00000000000
00002526181102331 035309   6116778202102042 141997.92 48   2958.29F   2958.29 1610       00000000000
00002526371102331 046821   6115759202102042 343121.76 24  14296.74F  14296.74 1610       00000000000
00002526591102331 039973   6123975202102092  95137.92 48   1982.04F   1982.04 1610       00000000000
00002526601102331 039973   6123975202102092 447940.80 48   9332.10F   9332.10 1610       00000000000
00002526811102331 047772   6117629202102022 162469.92 48   3384.79F   3384.79 1610       00000000000
00002526821102331 047772   6117629202102022 517624.32 48  10783.84F  10783.84 1610       00000000000
00002526831102331 046015   6119175202102032 515926.80 36  14331.30F  14331.30 1610       00000000000
00002526901102331 040954   6125510202102122  97746.24 48   2036.38F   2036.38 1610       00000000000
00002526911102331 040954   6125510202102122 537506.40 48  11198.05F  11198.05 1610       00000000000
00002527021102331 038799   6117582202102042 147361.92 48   3070.04F   3070.04 1610       00000000000
00002527031102331 038799   6117582202102042 365822.88 48   7621.31F   7621.31 1610       00000000000
00002527071102331 039943   6116832202102022 871915.68 48  18164.91F  18164.91 1610       00000000000
00002527441102331 037897   6118691202102122 356478.48 36   9902.18F   9902.18 1610       00000000000
00002527451102331 037897   6118691202102122 134683.92 36   3741.22F   3741.22 1610       00000000000
00002527461102331 047698   6117272202102022 518167.20 48  10795.15F  10795.15 1610       00000000000
00002528091102331 043784   6124639202102112 325007.52 48   6770.99F   6770.99 1610       00000000000
00002528101102331 043784   6124639202102112 409892.64 48   8539.43F   8539.43 1610       00000000000
00002528681102331 043810   6138316202102232  84974.40 48   1770.30F   1770.30 1610       00000000000
00002528691102331 043810   6138316202102232 517893.12 48  10789.44F  10789.44 1610       00000000000
00002529021102331 035665   6124436202102102 244996.32 48   5104.09F   5104.09 1610       00000000000
00002529031102331 035665   6124436202102102 522289.44 48  10881.03F  10881.03 1610       00000000000
00002529901102331 042377   6127745202102182 126435.84 48   2634.08F   2634.08 1610       00000000000
00002529911102331 042377   6127745202102182 331942.56 48   6915.47F   6915.47 1610       00000000000
00002530021102331 039526   6138324202102232 515926.80 36  14331.30F  14331.30 1610       00000000000
00002530061102331 045640   6138810202102252  73776.00 48   1537.00F   1537.00 1610       00000000000
00002530071102331 045640   6138810202102252 643686.24 48  13410.13F  13410.13 1610       00000000000
00002530131102331 046581   6138447202102232 366554.40 24  15273.10F  15273.10 1610       00000000000
00002530211102331 031785   6127508202102172 176874.24 48   3684.88F   3684.88 1610       00000000000
00002530361102331 031872   6127483202102192 188293.44 48   3922.78F   3922.78 1610       00000000000
00002530371102331 031872   6127483202102192 170437.44 48   3550.78F   3550.78 1610       00000000000
00002530501102331 044098   6127645202102182  79717.92 48   1660.79F   1660.79 1610       00000000000
00002530671102331 042200   6126954202102192 366546.72 48   7636.39F   7636.39 1610       00000000000
00002530681102331 042200   6126954202102192 308565.12 48   6428.44F   6428.44 1610       00000000000
00002531251102331 041926   6138815202102192  83413.44 48   1737.78F   1737.78 1610       00000000000
00002531261102331 041926   6138815202102192 681381.12 48  14195.44F  14195.44 1610       00000000000
00002531571102331 040819   6127661202102252 128181.12 48   2670.44F   2670.44 1610       00000000000
00002531581102331 040819   6127661202102252 444792.00 48   9266.50F   9266.50 1610       00000000000
00002531711102331 038820   6127556202102182 227007.72 36   6305.77F   6305.77 1610       00000000000
00002531731102331 035383   6127823202102192  23904.96 48    498.02F    498.02 1610       00000000000
00002531741102331 035383   6127823202102192  85707.36 48   1785.57F   1785.57 1610       00000000000
00002531971102331 034582   6127494202102192 201786.24 48   4203.88F   4203.88 1610       00000000000
00002532171102331 037920   6150203202103092 384169.32 36  10671.37F  10671.37 1510       00000000000
00002532261102331 033049   6138165202102192 378660.48 48   7888.76F   7888.76 1610       00000000000
00002532611102331 045127   6147698202103082 108093.12 48   2251.94F   2251.94 1510       00000000000
00002532631102331 038051   6139998202102252 176874.24 48   3684.88F   3684.88 1610       00000000000
00002533021102331 041892   6151460202103112 135277.44 48   2818.28F   2818.28 1510       00000000000
00002533031102331 041892   6151460202103112 629688.00 48  13118.50F  13118.50 1510       00000000000
00002533061102331 037418   6147710202103092 265766.88 48   5536.81F   5536.81 1510       00000000000
00002533071102331 037418   6147710202103092 662723.52 48  13806.74F  13806.74 1510       00000000000
00002533081102331 036528   6144265202103012 150767.52 48   3140.99F   3140.99 1510       00000000000
00002533091102331 036528   6144265202103012 780936.48 48  16269.51F  16269.51 1510       00000000000
00002533101102331 035660   6145969202103022 413443.20 48   8613.40F   8613.40 1510       00000000000
00002533111102331 035660   6145969202103022 416122.08 48   8669.21F   8669.21 1510       00000000000
00002533141102331 032129   6140045202102262 465852.00 48   9705.25F   9705.25 1510       00000000000
00002533161102331 038651   6147239202103022   5747.52 48    119.74F    119.74 1510       00000000000
00002533171102331 038651   6147239202103022 445157.76 48   9274.12F   9274.12 1510       00000000000
00002533181102331 036822   6144639202103012 154453.44 48   3217.78F   3217.78 1510       00000000000
00002533201102331 033883   6144643202103012 190749.12 48   3973.94F   3973.94 1510       00000000000
00002533211102331 033883   6144643202103012 668710.56 48  13931.47F  13931.47 1510       00000000000
00002533541102331 039915   6150596202103122 451964.16 36  12554.56F  12554.56 1510       00000000000
00002533691102331 040296   6147667202103052 227272.32 48   4734.84F   4734.84 1510       00000000000
00002533791102331 037697   6150310202103082 225982.08 36   6277.28F   6277.28 1510       00000000000
00002533921102331 036607   6139850202102252 109612.32 48   2283.59F   2283.59 1610       00000000000
00002534181102331 032592   6139753202102252 184347.84 48   3840.58F   3840.58 1590       00000000000
00002534321102331 035775   6147676202103082 122693.28 48   2556.11F   2556.11 1510       00000000000
00002534331102331 035775   6147676202103082 664444.80 48  13842.60F  13842.60 1510       00000000000
00002534401102331 030747   6150314202103082 227272.32 48   4734.84F   4734.84 1490       00000000000
00002534421102331 041120   6150913202103082 358904.40 24  14954.35F  14954.35 1510       00000000000
00002534501102331 047436   6140116202102232 167376.48 24   6974.02F   6974.02 1610       00000000000
00002534511102331 037774   6140449202102252 302902.56 48   6310.47F   6310.47 1610       00000000000
00002534521102331 037774   6140449202102252 237684.96 48   4951.77F   4951.77 1610       00000000000
00002534681102331 033742   6147661202103082 358047.36 48   7459.32F   7459.32 1510       00000000000
00002534691102331 033742   6147661202103082 714566.88 48  14886.81F  14886.81 1510       00000000000
00002534791102331 041890   6144271202103012 557200.80 36  15477.80F  15477.80 1510       00000000000
00002534951102331 036756   6139834202102252 241022.16 24  10042.59F  10042.59 1610       00000000000
00002535101102331 042115   6140083202102252  39640.80 48    825.85F    825.85 1610       00000000000
00002535111102331 042115   6140083202102252 152180.64 48   3170.43F   3170.43 1610       00000000000
00002535401102331 031178   6148693202103082 253099.80 36   7030.55F   7030.55 1510       00000000000
00002535651102331 046943   6164779202103112 296036.28 36   8223.23F   8223.23 1510       00000000000
00002535711102331 033123   6148020202103102  97213.44 48   2025.28F   2025.28 1510       00000000000
00002535721102331 033123   6148020202103102 484825.44 48  10100.53F  10100.53 1510       00000000000
00002535751102331 037852   6152476202103092 191241.12 48   3984.19F   3984.19 1510       00000000000
00002535771102331 038250   6144255202103012 137015.52 48   2854.49F   2854.49 1510       00000000000
00002536161102331 043692   6152439202103112 336474.24 48   7009.88F   7009.88 1510       00000000000
00002536171102331 043692   6152439202103112 420176.16 48   8753.67F   8753.67 1510       00000000000
00002536181102331 031031   6150530202103092 358904.40 24  14954.35F  14954.35 1490       00000000000
00002536621102331 045343   6147717202103052 934033.44 48  19459.03F  19459.03 1510       00000000000
00002536941102331 036293   6147696202103082  89726.16 24   3738.59F   3738.59 1510       00000000000
00002537011102331 034268   6147688202103092 218957.28 48   4561.61F   4561.61 1510       00000000000
00002537101102331 036128   6147735202103082 216185.76 48   4503.87F   4503.87 1510       00000000000
00002537121102331 037684   6147730202103052 692903.04 48  14435.48F  14435.48 1510       00000000000
00002537301102331 034958   6150613202103082 461192.16 24  19216.34F  19216.34 1510       00000000000
00002537961102331 039223   6147706202103082 225982.08 36   6277.28F   6277.28 1510       00000000000
00002538071102331 044589   6150154202103082 546876.36 36  15191.01F  15191.01 1510       00000000000
00002538201102331 038876   6150118202103052  42169.32 36   1171.37F   1171.37 1510       00000000000
00002538211102331 038876   6150118202103052  50483.16 36   1402.31F   1402.31 1510       00000000000
00002538291102331 037037   6148016202103092 970064.64 48  20209.68F  20209.68 1510       00000000000
00002538571102331 034646   6150194202103082  67282.08 48   1401.71F   1401.71 1510       00000000000
00002538581102331 034646   6150194202103082 661652.16 48  13784.42F  13784.42 1510       00000000000
00002539811102331 045038   6151399202103122  58996.80 36   1638.80F   1638.80 1510       00000000000
00002539821102331 045038   6151399202103122 352290.60 36   9785.85F   9785.85 1510       00000000000
00002539851102331 043886   6151450202103082 232043.52 48   4834.24F   4834.24 1510       00000000000
00002539861102331 043886   6151450202103082 563409.60 48  11737.70F  11737.70 1510       00000000000
00002539911102331 031057   6152932202103102 252216.96 48   5254.52F   5254.52 1490       00000000000
00002540151102331 039155   6152421202103102 280911.96 36   7803.11F   7803.11 1510       00000000000
00002540161102331 039155   6152421202103102 390254.40 36  10840.40F  10840.40 1510       00000000000
00002540281102331 037908   6151414202103102 415500.00 48   8656.25F   8656.25 1510       00000000000
00002540291102331 037908   6151414202103102 252458.88 48   5259.56F   5259.56 1510       00000000000
00002543861102331 038376   6170710202103232 437915.04 48   9123.23F   9123.23 1510       00000000000
00002544881102331 032149   6170508202103232 338973.12 36   9415.92F   9415.92 1510       00000000000
00002545181102331 042364   6170860202103232 141352.32 48   2944.84F   2944.84 1510       00000000000
00002545721102331 038125   6170576202103232 659867.40 36  18329.65F  18329.65 1510       00000000000
00002547381102331 043186   6172689202103292 144123.84 48   3002.58F   3002.58 1410       00000000000
00002551401102331 030995   6188805202104142  73575.36 24   3065.64F   3065.64 1410       00000000000
00002554491102331 043765   6202179202104212 451964.16 36  12554.56F  12554.56 1410       00000000000
00002555341102331 038303   6203144202104212 174611.52 48   3637.74F   3637.74 1410       00000000000
00002556141102331 040113   6210674202105042 210642.72 48   4388.39F   4388.39 1310       00000000000
00002556311102331 043070   6202475202104212 179452.32 24   7477.18F   7477.18 1410       00000000000
00002556811102331 034898   6202474202104212 449001.60 48   9354.20F   9354.20 1410       00000000000
00002557071102331 038820   6207222202104272  73254.72 24   3052.28F   3052.28 1310       00000000000
00002557081102331 038820   6207222202104272 206690.64 24   8612.11F   8612.11 1310       00000000000
00002557211102331 032592   6206971202104272 122030.28 36   3389.73F   3389.73 1290       00000000000
00002557331102331 034878   6206941202104272 182822.88 48   3808.81F   3808.81 1310       00000000000
00002557341102331 034878   6206941202104272  49992.48 48   1041.51F   1041.51 1310       00000000000
00002557631102331 046669   6207401202104272 358904.40 24  14954.35F  14954.35 1310       00000000000
00002557731102331 040304   6207383202104282 429600.00 48   8950.00F   8950.00 1310       00000000000
00002557921102331 045621   6208852202104302  73473.12 24   3061.38F   3061.38 1310       00000000000
00002557931102331 045621   6208852202104302 179554.56 24   7481.44F   7481.44 1310       00000000000
00002561251102331 036408   6214822202105142 358904.40 24  14954.35F  14954.35 1310       00000000000
00002561411102331 044202   6214221202105132 107671.44 24   4486.31F   4486.31 1310       00000000000
00002562571102331 036057   6216129202105112 277161.12 48   5774.19F   5774.19 1310       00000000000
00002562591102331 032889   6217012202105182  48090.72 48   1001.89F   1001.89 1210       00000000000
00002562601102331 032889   6217012202105182 503460.48 48  10488.76F  10488.76 1120       00000000000
00002562681102331 030700   6236246202106032  96904.08 24   4037.67F   4037.67 1210       00000000000
00002562821102331 045553   6216312202105262 621450.36 36  17262.51F  17262.51 1210       00000000000
00002562831102331 047320   6216311202105132 358904.40 24  14954.35F  14954.35 1310       00000000000
00002563111102331 038284   6061644202105132 162140.16 48   3377.92F   3377.92 1410       00000000000
00002563121102331 038284   6061644202105132 296238.24 48   6171.63F   6171.63 1410       00000000000
00002563511102331 046614   6231147202105192 456483.60 36  12680.10F  12680.10 1130       00000000000
00002563571102331 034781   6220413202105202 357538.08 48   7448.71F   7448.71 1210       00000000000
00002563671102331 046060   6231327202105212 412970.40 48   8603.55F   8603.55 1210       00000000000
00002563721102331 043358   6231555202105262 105321.12 48   2194.19F   2194.19 1210       00000000000
00002563821102331 030719   6220264202105182 473945.76 48   9873.87F   9873.87 1210       00000000000
00002563841102331 031382   6220533202105282 471174.24 48   9816.13F   9816.13 1210       00000000000
00002563871102331 038921   6231162202105192 199556.16 48   4157.42F   4157.42 1210       00000000000
00002564231102331 045069   6234506202106012  42936.48 36   1192.68F   1192.68 1210       00000000000
00002564501102331 039633   6220352202105182 191241.12 48   3984.19F   3984.19 1210       00000000000
00002564721102331 046946   6220414202105212 260205.84 24  10841.91F  10841.91 1210       00000000000
00002564791102331 039004   6220920202105202 478208.52 36  13283.57F  13283.57 1210       00000000000
00002564801102331 039004   6220920202105202 195217.92 36   5422.72F   5422.72 1210       00000000000
00002564811102331 047459   6234931202106012 776051.52 48  16167.74F  16167.74 1210       00000000000
00002565121102331 042562   6220410202105212 260531.52 48   5427.74F   5427.74 1210       00000000000
00002565251102331 030592   6237686202106092  71759.52 12   5979.96F   5979.96 1210       00000000000
00002565301102331 033104   6232656202105272 301885.68 24  12578.57F  12578.57 1210       00000000000
00002565311102331 033104   6232656202105272 119826.96 24   4992.79F   4992.79 1210       00000000000
00002565511102331 048185   6234637202106032 193337.76 48   4027.87F   4027.87 1210       00000000000
00002565521102331 048185   6234637202106032 546683.04 48  11389.23F  11389.23 1210       00000000000
00002565561102331 044187   6236330202106072 539709.12 48  11243.94F  11243.94 1210       00000000000
00002565571102331 044187   6236330202106072 322262.40 48   6713.80F   6713.80 1210       00000000000
00002565821102331 031457   6219614202105172 307335.60 36   8537.10F   8537.10 1210       00000000000
00002566171102331 043975   6236389202106032 125616.48 24   5234.02F   5234.02 1210       00000000000
00002566251102331 042519   6235085202106022 582981.60 48  12145.45F  12145.45 1210       00000000000
00002566261102331 042519   6235085202106022 245730.72 48   5119.39F   5119.39 1210       00000000000
00002566861102331 047603   6235150202106022 137999.04 12  11499.92F  11499.92 1210       00000000000
00002567461102331 042044   6232874202105282 289440.00 48   6030.00F   6030.00 1210       00000000000
00002567471102331 042044   6232874202105282 262111.20 48   5460.65F   5460.65 1210       00000000000
00002567611102331 041075   6232512202105272 834255.36 48  17380.32F  17380.32 1210       00000000000
00002567901102331 039388   6232655202105312 692903.04 48  14435.48F  14435.48 1210       00000000000
00002568061102331 041595   6232531202105282 109465.92 24   4561.08F   4561.08 1210       00000000000
00002568121102331 043777   6254995202106182  47117.28 48    981.61F    981.61 1210       00000000000
00002568141102331 039413   6233634202105312 268846.56 48   5600.97F   5600.97 1210       00000000000
00002568261102331 038050   6236044202106042  82799.40 12   6899.95F   6899.95 1210       00000000000
00002568521102331 033116   6235080202106042  82799.40 12   6899.95F   6899.95 1210       00000000000
00002568541102331 044670   6235037202106042 720619.20 48  15012.90F  15012.90 1210       00000000000
00002568741102331 040364   6234800202106072 110399.16 12   9199.93F   9199.93 1210       00000000000
00002568981102331 042629   6238990202106092  89726.16 24   3738.59F   3738.59 1210       00000000000
00002569041102331 042627   6239959202106112 384169.32 36  10671.37F  10671.37 1210       00000000000
00002569261102331 046020   6239063202106092 179452.32 24   7477.18F   7477.18 1210       00000000000
00002569371102331 047667   6238920202106082 179398.68 12  14949.89F  14949.89 1210       00000000000
00002569401102331 039144   6238598202106072 430685.28 24  17945.22F  17945.22 1210       00000000000
00002569481102331 031293   6239912202106092 357538.08 48   7448.71F   7448.71 1190       00000000000
00002569721102331 031677   6243334202106172 263303.52 48   5485.49F   5485.49 1210       00000000000
00002569871102331 041281   6239822202106112  80376.96 48   1674.52F   1674.52 1210       00000000000
00002569891102331 041335   6238968202106092 137999.04 12  11499.92F  11499.92 1210       00000000000
00002569971102331 044355   6238997202106092 494900.64 36  13747.24F  13747.24 1210       00000000000
00002570081102331 034940   6239044202106112 282477.60 36   7846.60F   7846.60 1210       00000000000
00002570151102331 036536   6238976202106082 679045.44 48  14146.78F  14146.78 1210       00000000000
00002570241102331 047009   6239512202106112 382233.36 24  15926.39F  15926.39 1210       00000000000
00002570271102331 036529   6240567202106092 302440.32 48   6300.84F   6300.84 1210       00000000000
00002570281102331 036529   6240567202106092 548445.12 48  11425.94F  11425.94 1210       00000000000
00002570311102331 030510   6239486202106092 247644.00 24  10318.50F  10318.50 1210       00000000000
00002570441102331 047529   6239722202106092 269178.24 24  11215.76F  11215.76 1210       00000000000
00002570711102331 037318   6240687202106102 576434.40 48  12009.05F  12009.05 1210       00000000000
00002570721102331 037318   6240687202106102 468463.68 48   9759.66F   9759.66 1210       00000000000
00002571001102331 043201   6243590202106232 285329.04 24  11888.71F  11888.71 1210       00000000000
00002571041102331 036607   6240216202106102 180155.04 48   3753.23F   3753.23 1210       00000000000
00002571401102331 040248   6242612202106142 405207.36 48   8441.82F   8441.82 1210       00000000000
00002571411102331 040248   6242612202106142 553770.72 48  11536.89F  11536.89 1210       00000000000
00002571551102331 037297   6242695202106172 235586.88 48   4908.06F   4908.06 1210       00000000000
00002571611102331 041583   6243110202106152 185698.08 48   3868.71F   3868.71 1210       00000000000
00002571631102331 044880   6243105202106152 158187.60 36   4394.10F   4394.10 1210       00000000000
00002571931102331 030775   6242985202106162 317630.40 24  13234.60F  13234.60 1210       00000000000
00002571951102331 044342   6242943202106152 279933.12 48   5831.94F   5831.94 1210       00000000000
00002572091102331 037792   6254164202106162 492547.68 48  10261.41F  10261.41 1210       00000000000
00002572101102331 037792   6254164202106162 699245.76 48  14567.62F  14567.62 1210       00000000000
00002572551102331 043783   6255626202106242 898002.72 48  18708.39F  18708.39 1210       00000000000
00002572571102331 044622   6243117202106152 137999.04 12  11499.92F  11499.92 1210       00000000000
00002572591102331 048035   6242593202106152 269178.24 24  11215.76F  11215.76 1210       00000000000
00002572601102331 042961   6242594202106162 448630.56 24  18692.94F  18692.94 1210       00000000000
00002572661102331 043741   6242797202106142 260531.52 48   5427.74F   5427.74 1210       00000000000
00002572741102331 039014   6243358202106232  66518.88 48   1385.81F   1385.81 1210       00000000000
00002573131102331 032126   6243489202106162  28574.88 48    595.31F    595.31 1210       00000000000
00002573141102331 032126   6243489202106162 608896.32 48  12685.34F  12685.34 1210       00000000000
00002573251102331 041452   6242598202106142 448630.56 24  18692.94F  18692.94 1210       00000000000
00002573281102331 037553   6242624202106152 296562.72 48   6178.39F   6178.39 1210       00000000000
00002573471102331 042860   6255994202106242 194725.44 48   4056.78F   4056.78 1210       00000000000
00002573481102331 042860   6255994202106242 154497.60 48   3218.70F   3218.70 1210       00000000000
00002573551102331 041655   6255894202106252 137999.04 12  11499.92F  11499.92 1210       00000000000
00002573601102331 046038   6255851202106252 155210.40 48   3233.55F   3233.55 1210       00000000000
00002573761102331 047509   6255770202106242 803767.68 48  16745.16F  16745.16 1210       00000000000
00002573831102331 036840   6256347202106242 327564.00 48   6824.25F   6824.25 1210       00000000000
00002573841102331 036840   6256347202106242 562123.68 48  11710.91F  11710.91 1210       00000000000
00002573871102331 037852   6255627202106252 191241.12 48   3984.19F   3984.19 1210       00000000000
00002574001102331 046678   6255637202106292 376010.40 48   7833.55F   7833.55 1110       00000000000
00002574011102331 046678   6255637202106292 494276.16 48  10297.42F  10297.42 1110       00000000000
00002574041102331 038132   6255844202106232  41399.76 12   3449.98F   3449.98 1210       00000000000
00002574571102331 035479   6257960202106302 441335.52 48   9194.49F   9194.49 1110       00000000000
00002574581102331 035479   6257960202106302 196135.68 48   4086.16F   4086.16 1110       00000000000
00002574641102331 033310   6256342202106242 173878.80 12  14489.90F  14489.90 1210       00000000000
00002574741102331 040954   6255989202106242 155210.40 48   3233.55F   3233.55 1210       00000000000
00002575091102331 037528   6265027202107082 451964.16 36  12554.56F  12554.56 1110       00000000000
00002575241102331 036531   6257976202106292 113636.16 48   2367.42F   2367.42 1110       00000000000
00002575261102331 046690   6263471202107072 209544.96 24   8731.04F   8731.04 1110       00000000000
00002575271102331 046690   6263471202107072 298304.88 24  12429.37F  12429.37 1110       00000000000
00002575411102331 043326   6257981202106302 396340.80 48   8257.10F   8257.10 1110       00000000000
00002575461102331 042953   6257958202106292  68999.52 12   5749.96F   5749.96 1110       00000000000
00002575511102331 045409   6257907202106302  64859.52 12   5404.96F   5404.96 1110       00000000000
00002575551102331 047598   6257760202106292 137999.04 12  11499.92F  11499.92 1110       00000000000
00002575561102331 036038   6260525202107142 131099.04 12  10924.92F  10924.92 1110       00000000000
00002575701102331 038204   6257736202106302 166296.96 48   3464.52F   3464.52 1110       00000000000
00002575941102331 041760   6257814202106292 165598.80 12  13799.90F  13799.90 1110       00000000000
00002576111102331 042878   6257912202106302  68999.52 12   5749.96F   5749.96 1110       00000000000
00002576871102331 037843   6264255202107072 381351.36 48   7944.82F   7944.82 1110       00000000000
00002576881102331 037843   6264255202107072 627516.00 48  13073.25F  13073.25 1110       00000000000
00002577281102331 044470   6266049202107082 505913.28 48  10539.86F  10539.86 1110       00000000000
00002577291102331 044470   6266049202107082 328342.08 48   6840.46F   6840.46 1110       00000000000
00002577361102331 033901   6263611202107072 594401.28 48  12383.36F  12383.36 1110       00000000000
00002577371102331 033901   6263611202107072 652824.48 48  13600.51F  13600.51 1110       00000000000
00002577481102331 043626   6263617202107062 146895.36 48   3060.32F   3060.32 1110       00000000000
00002577541102331 040631   6263349202107082 291516.84 36   8097.69F   8097.69 1110       00000000000
00002578071102331 033164   62635292021070721016919.00 36  28247.75F  28247.75 1110       00000000000
00002578171102331 046972   6264276202107082 671166.36 36  18643.51F  18643.51 1110       00000000000
00002578441102331 039724   6278730202107132 248580.36 36   6905.01F   6905.01 1110       00000000000
00002578551102331 030273   6278766202107152  89699.40 12   7474.95F   7474.95 1110       00000000000
00002578661102331 042777   6280327202107162  68999.52 12   5749.96F   5749.96 1110       00000000000
00002578731102331 046152   6279476202107142 399089.28 24  16628.72F  16628.72 1110       00000000000
00002578741102331 046152   6279476202107142  85431.60 24   3559.65F   3559.65 1110       00000000000
00002578841102331 039332   6267874202107122 335365.44 48   6986.78F   6986.78 1110       00000000000
00002579461102331 036057   6282343202107162 213414.24 48   4446.13F   4446.13 1110       00000000000
00002579551102331 038698   6282840202107192 509976.96 48  10624.52F  10624.52 1110       00000000000
00002579671102331 036269   62838272021072321080929.28 48  22519.36F  22519.36 1110       00000000000
00002579711102331 046527   6284871202107232 477570.72 48   9949.39F   9949.39 1110       00000000000
00002579721102331 046527   6284871202107232 492493.92 48  10260.29F  10260.29 1110       00000000000
00002579781102331 038232   6283913202107212  72400.80 24   3016.70F   3016.70 1110       00000000000
00002579791102331 038232   6283913202107212 324188.64 24  13507.86F  13507.86 1110       00000000000
00002579951102331 036524   6282864202107202 177383.52 48   3695.49F   3695.49 1030       00000000000
00002580001102331 042692   6282504202107192 206998.56 12  17249.88F  17249.88 1110       00000000000
00002580311102331 041327   6290193202108092 205164.48 48   4274.26F   4274.26 1010       00000000000
00002580321102331 041327   6290193202108092 396275.52 48   8255.74F   8255.74 1010       00000000000
00002580461102331 041757   6283563202107212 415741.92 48   8661.29F   8661.29 1110       00000000000
00002580571102331 045948   6294238202108052 268970.76 36   7471.41F   7471.41 1010       00000000000
00002580581102331 045948   6294238202108052 291464.64 36   8096.24F   8096.24 1010       00000000000
00002580841102331 037411   6285712202107282 300837.84 12  25069.82F  25069.82 1010       00000000000
00002580851102331 038505   6284024202107272 199571.04 36   5543.64F   5543.64 1010       00000000000
00002580861102331 038505   6284024202107272 306628.56 36   8517.46F   8517.46 1010       00000000000
00002581081102331 034002   6296338202108062 523361.28 48  10903.36F  10903.36 1010       00000000000
00002581091102331 034002   6296338202108062 233289.12 48   4860.19F   4860.19 1010       00000000000
00002581201102331 038261   6285097202107262  96599.28 12   8049.94F   8049.94 1010       00000000000
00002581281102331 041658   6285743202107282 179452.32 24   7477.18F   7477.18 1010       00000000000
00002581371102331 039795   6298115202108092 155080.32 48   3230.84F   3230.84 1010       00000000000
00002581381102331 039795   6298115202108092 208000.80 48   4333.35F   4333.35 1010       00000000000
00002581611102331 044902   6285502202107262 344548.32 24  14356.18F  14356.18 1010       00000000000
00002581761102331 047243   6288228202107302 707323.68 36  19647.88F  19647.88 1010       00000000000
00002581821102331 040042   6288178202107302 307335.60 36   8537.10F   8537.10 1010       00000000000
00002581881102331 044202   6288191202107302 112991.04 36   3138.64F   3138.64 1010       00000000000
00002582321102331 045652   6288638202107302 206162.40 48   4295.05F   4295.05 1010       00000000000
00002582331102331 045652   6288638202107302 725099.52 48  15106.24F  15106.24 1010       00000000000
00002582391102331 041082   6288154202107302 701218.08 48  14608.71F  14608.71 1010       00000000000
00002582521102331 033452   6288183202107302 949124.16 36  26364.56F  26364.56 1010       00000000000
00002582751102331 039468   6290009202108032 199556.16 48   4157.42F   4157.42 1010       00000000000
00002582771102331 041281   6289944202108032  66518.88 48   1385.81F   1385.81 1010       00000000000
00002582951102331 031013   6288729202107302 248580.36 36   6905.01F   6905.01 1010       00000000000
00002583171102331 030433   6324493202108192  86939.40 12   7244.95F   7244.95 1010       00000000000
00002584131102331 032508   6299093202108132 165598.80 12  13799.90F  13799.90 1010       00000000000
00002584161102331 045878   6298995202108112 137999.04 12  11499.92F  11499.92 1010       00000000000
00002584171102331 033667   6298101202108102 246673.44 48   5139.03F   5139.03 1010       00000000000
00002584291102331 037778   6298795202108112 692903.04 48  14435.48F  14435.48 1010       00000000000
00002584451102331 032055   6298890202108102 368624.64 48   7679.68F   7679.68 1010       00000000000
00002584511102331 035309   6298841202108102 202327.68 48   4215.16F   4215.16 1010       00000000000
00002584621102331 042897   6298085202108112  68999.52 12   5749.96F   5749.96 1010       00000000000
00002584641102331 046926   6302037202108232 441452.40 24  18393.85F  18393.85 1010       00000000000
00002584811102331 034582   6300924202108132 205099.20 48   4272.90F   4272.90 1010       00000000000
00002584831102331 038303   6298851202108102 166296.96 48   3464.52F   3464.52 1010       00000000000
00002584961102331 047748   6312188202108182 942348.48 48  19632.26F  19632.26 1010       00000000000
00002585011102331 038250   6302690202108202 113054.88 24   4710.62F   4710.62 1010       00000000000
00002585361102331 042642   6324761202108202 183045.24 36   5084.59F   5084.59 1010       00000000000
00002585451102331 045040   6325930202108202 206998.56 12  17249.88F  17249.88 1010       00000000000
00002585721102331 030839   6326506202108232  80039.40 12   6669.95F   6669.95 1010       00000000000
00002586281102331 047372   6325080202108192 917403.84 48  19112.58F  19112.58 1010       00000000000
00002586401102331 034673   6301263202108132 263303.52 48   5485.49F   5485.49 1010       00000000000
00002586441102331 042741   6324665202108192 137999.04 12  11499.92F  11499.92 1010       00000000000
00002586751102331 037900   6325098202108192 538356.72 24  22431.53F  22431.53 1010       00000000000
00002586851102331 042199   6325079202108242 137999.04 12  11499.92F  11499.92 1010       00000000000
00002586921102331 047249   6324755202108182 179452.32 24   7477.18F   7477.18 1010       00000000000
00002586951102331 036847   6327159202108272 452714.40 48   9431.55F   9431.55  910       00000000000
00002586961102331 036847   6327159202108272 769566.72 48  16032.64F  16032.64  910       00000000000
00002587571102331 043777   6325990202108202 388025.76 48   8083.87F   8083.87 1010       00000000000
00002587891102331 040832   6326940202108252 130265.76 48   2713.87F   2713.87 1010       00000000000
00002587921102331 030700   6327208202108242 120233.04 24   5009.71F   5009.71 1010       00000000000
00002587971102331 038053   6327417202108252 205099.20 48   4272.90F   4272.90 1010       00000000000
00002587991102331 046610   6326654202108252 293073.12 36   8140.92F   8140.92 1010       00000000000
00002588001102331 046610   6326654202108252 400691.52 36  11130.32F  11130.32 1010       00000000000
00002588041102331 038376   6327089202108242 101926.08 24   4246.92F   4246.92 1010       00000000000
00002588051102331 038376   6327089202108242 224676.96 24   9361.54F   9361.54 1010       00000000000
00002588271102331 042358   6327182202108252 243901.92 48   5081.29F   5081.29 1010       00000000000
00002588391102331 033127   6326842202108242 824834.16 36  22912.06F  22912.06 1010       00000000000
00002588811102331 039871   6326655202108232  77164.56 24   3215.19F   3215.19 1010       00000000000
00002588851102331 034966   6327999202108252 114539.16 12   9544.93F   9544.93 1010       00000000000
00002588941102331 031881   6326828202108242  68999.52 12   5749.96F   5749.96 1010       00000000000
00002589181102331 032481   6326823202108242 206998.56 12  17249.88F  17249.88 1010       00000000000
00002589231102331 032836   6327008202108252 116407.68 48   2425.16F   2425.16 1010       00000000000
00002589271102331 044098   6326641202108242 199556.16 48   4157.42F   4157.42 1010       00000000000
00002589331102331 036128   6326662202108232 370945.92 48   7728.04F   7728.04 1010       00000000000
00002589341102331 036128   6326662202108232 673952.16 48  14040.67F  14040.67 1010       00000000000
00002589391102331 040902   6327734202108262 565409.28 48  11779.36F  11779.36  910       00000000000
00002589771102331 043487   6328514202108262 257760.00 48   5370.00F   5370.00  910       00000000000
00002590201102331 046619   6329164202108272 445324.32 48   9277.59F   9277.59  910       00000000000
00002590211102331 046619   6329164202108272 469308.00 48   9777.25F   9777.25  910       00000000000
00002590411102331 038301   6334939202109032 137999.04 12  11499.92F  11499.92  910       00000000000
00002590451102331 036198   6346094202109092  57859.68 48   1205.41F   1205.41  910       00000000000
00002590461102331 036198   6346094202109092 804111.84 48  16752.33F  16752.33  910       00000000000
00002590741102331 036383   6328513202108302 164864.16 48   3434.67F   3434.67  910       00000000000
00002590751102331 036383   6328513202108302 655533.12 48  13656.94F  13656.94  910       00000000000
00002590821102331 040922   6326276202108262 358904.40 24  14954.35F  14954.35  910       00000000000
00002590951102331 035751   6328810202108272 903545.76 48  18823.87F  18823.87  910       00000000000
00002591231102331 046987   6328721202108312 107671.44 24   4486.31F   4486.31  910       00000000000
00002591451102331 043097   6328667202108302 137999.04 12  11499.92F  11499.92  910       00000000000
00002591481102331 031877   6329338202108312 225982.08 36   6277.28F   6277.28  910       00000000000
00002592301102331 047065   6349969202109092 285476.16 48   5947.42F   5947.42  910       00000000000
00002593271102331 042488   6348812202109072 299334.24 48   6236.13F   6236.13  910       00000000000
00002593581102331 036276   6352501202109152 587581.92 48  12241.29F  12241.29  910       00000000000
00002593601102331 040603   6337978202109092 179398.68 12  14949.89F  14949.89  910       00000000000
00002593651102331 030790   6349057202109102 107671.44 24   4486.31F   4486.31  910       00000000000
00002593891102331 030775   6349382202109082  82548.00 24   3439.50F   3439.50  910       00000000000
00002593951102331 041377   6350501202109092 207871.20 48   4330.65F   4330.65  910       00000000000
00002593971102331 043995   6337049202109132  67733.76 48   1411.12F   1411.12  910       00000000000
00002593981102331 043995   6337049202109132 126279.36 48   2630.82F   2630.82  910       00000000000
00002593991102331 040954   6351018202109102 310420.80 48   6467.10F   6467.10  910       00000000000
00002594071102331 040238   6349358202109102 137999.04 12  11499.92F  11499.92  910       00000000000
00002594331102331 043669   6351051202109142 202420.80 48   4217.10F   4217.10  720       00000000000
00002594341102331 043669   6351051202109142 562544.64 48  11719.68F  11719.68  720       00000000000
00002594441102331 046857   6354659202109162 165598.80 12  13799.90F  13799.90  910       00000000000
00002594571102331 030722   6351215202109102 208164.72 24   8673.53F   8673.53  910       00000000000
00002594721102331 042810   6351389202109162  55199.64 12   4599.97F   4599.97  910       00000000000
00002594811102331 032754   6351130202109102 179398.68 12  14949.89F  14949.89  910       00000000000
00002594971102331 047037   6350980202109132  68999.52 12   5749.96F   5749.96  910       00000000000
00002595021102331 041981   6351084202109102  68999.52 12   5749.96F   5749.96  910       00000000000
00002595041102331 041029   6351132202109132 587581.92 48  12241.29F  12241.29  910       00000000000
00002595151102331 034997   6350782202109102 439119.00 36  12197.75F  12197.75  910       00000000000
00002595161102331 034997   6350782202109102 281763.72 36   7826.77F   7826.77  910       00000000000
00002595231102331 045596   6350998202109102 135589.32 36   3766.37F   3766.37  910       00000000000
00002595331102331 045605   6350966202109142  89726.16 24   3738.59F   3738.59  910       00000000000
00002595431102331 036411   6351863202109142 206998.56 12  17249.88F  17249.88  910       00000000000
00002595511102331 032844   6350812202109092 529378.08 48  11028.71F  11028.71  910       00000000000
00002595611102331 046696   6351170202109102 526606.56 48  10970.97F  10970.97  910       00000000000
00002596011102331 047524   6357378202109202 158187.60 36   4394.10F   4394.10  910       00000000000
00002596411102331 034048   6361392202109272 269178.24 24  11215.76F  11215.76  810       00000000000
00002596511102331 042753   6353188202109142 358904.40 24  14954.35F  14954.35  910       00000000000
00002596521102331 041116   6353450202109152 338973.12 36   9415.92F   9415.92  910       00000000000
00002596541102331 036586   6353266202109152 336713.04 36   9353.14F   9353.14  910       00000000000
00002596671102331 047633   6354305202109172 137999.04 12  11499.92F  11499.92  910       00000000000
00002596801102331 041749   6354171202109202 648568.44 36  18015.79F  18015.79  910       00000000000
00002596811102331 037919   6360085202109232  68999.52 12   5749.96F   5749.96  910       00000000000
00002596991102331 039171   6354287202109162 135589.32 36   3766.37F   3766.37  910       00000000000
00002597011102331 037875   6358939202109232 238358.88 48   4965.81F   4965.81  910       00000000000
00002597071102331 044158   6352291202109152 137999.04 12  11499.92F  11499.92  910       00000000000
00002597091102331 034727   6354298202109172 137999.04 12  11499.92F  11499.92  910       00000000000
00002597441102331 040050   6355015202109172 451773.12 48   9411.94F   9411.94  910       00000000000
00002597641102331 038748   6355680202109162 221728.80 48   4619.35F   4619.35  910       00000000000
00002597851102331 041512   6356877202109172  82799.40 12   6899.95F   6899.95  910       00000000000
00002597971102331 041522   6355879202109202  55199.64 12   4599.97F   4599.97  910       00000000000
00002598121102331 040545   6356093202109202  68999.52 12   5749.96F   5749.96  910       00000000000
00002598231102331 039175   6356092202109172 296562.72 48   6178.39F   6178.39  910       00000000000
00002598251102331 040937   6357897202109212 216185.76 48   4503.87F   4503.87  910       00000000000
00002598451102331 044320   6355162202109172  82799.40 12   6899.95F   6899.95  910       00000000000
00002598541102331 038469   6356463202109172 137999.04 12  11499.92F  11499.92  910       00000000000
00002598701102331 047265   6356057202109172 137999.04 12  11499.92F  11499.92  910       00000000000
00002598751102331 034963   6359676202109282 235586.88 48   4908.06F   4908.06  720       00000000000
00002598801102331 047050   6355161202109282 137999.04 12  11499.92F  11499.92  720       00000000000
00002598811102331 047336   6357368202109212 911860.80 48  18997.10F  18997.10  910       00000000000
00002598841102331 035557   6358423202109212 137999.04 12  11499.92F  11499.92  910       00000000000
00002598911102331 040561   6359037202109222  68999.52 12   5749.96F   5749.96  910       00000000000
00002599021102331 044361   6357846202109212 344548.32 24  14356.18F  14356.18  910       00000000000
00002599141102331 047694   6358162202109222 934033.44 48  19459.03F  19459.03  910       00000000000
00002599171102331 043788   6356289202109212 137999.04 12  11499.92F  11499.92  910       00000000000
00002599631102331 034796   6357875202109212 540464.64 48  11259.68F  11259.68  910       00000000000
00002599731102331 045602   6360445202109242 256134.60 36   7114.85F   7114.85  910       00000000000
00002599741102331 045602   6360445202109242 487346.04 36  13537.39F  13537.39  910       00000000000
00002599751102331 042704   63577512021092121031040.00 48  21480.00F  21480.00  910       00000000000
00002599771102331 040907   6358056202109222 207884.16 48   4330.92F   4330.92  910       00000000000
00002599781102331 040907   6358056202109222 751093.92 48  15647.79F  15647.79  910       00000000000
00002599791102331 044754   6358099202109212 269178.24 24  11215.76F  11215.76  910       00000000000
00002600181102331 033009   6359704202109232 269178.24 24  11215.76F  11215.76  910       00000000000
00002600221102331 044565   6359487202109232 179452.32 24   7477.18F   7477.18  910       00000000000
00002600391102331 031824   6361412202109282  85920.00 48   1790.00F   1790.00  810       00000000000
00002600621102331 040234   6359717202109232  68999.52 12   5749.96F   5749.96  910       00000000000
00002600881102331 034646   6352253202109232 429600.00 48   8950.00F   8950.00  910       00000000000
00002601001102331 047702   6359771202109242 102549.60 48   2136.45F   2136.45  910       00000000000
00002601561102331 042300   6361064202109272 786417.12 36  21844.92F  21844.92  810       00000000000
00002601711102331 043705   6375775202110182 452219.52 24  18842.48F  18842.48  810       00000000000
00002601991102331 037231   6361090202109272 137999.04 12  11499.92F  11499.92  810       00000000000
00002602291102331 040431   6375567202110152 496551.36 48  10344.82F  10344.82  810       00000000000
00002602301102331 040431   6375567202110152 750674.40 48  15639.05F  15639.05  810       00000000000
00002602721102331 044000   6363478202109302 569355.36 48  11861.57F  11861.57  810       00000000000
00002602731102331 044000   6363478202109302 616895.04 48  12851.98F  12851.98  810       00000000000
00002602971102331 044033   6374137202110142 199556.16 48   4157.42F   4157.42  810       00000000000
00002603121102331 045899   6375596202110212 218957.28 48   4561.61F   4561.61  810       00000000000
00002603161102331 043810   6375724202110202 194013.12 48   4041.94F   4041.94  810       00000000000
00002603931102331 043626   6375631202110142 191241.12 48   3984.19F   3984.19  810       00000000000
00002603971102331 046828   6372496202110182  92459.40 12   7704.95F   7704.95  810       00000000000
00002604211102331 033156   6391463202110212 496118.88 48  10335.81F  10335.81  810       00000000000
00002604271102331 036056   6375695202110182 227698.44 12  18974.87F  18974.87  810       00000000000
00002604971102331 034057   6392485202110262 234598.32 12  19549.86F  19549.86  710       00000000000
00002605291102331 041229   6375819202110152 482260.80 48  10047.10F  10047.10  810       00000000000
00002605521102331 046060   6373445202110182 360309.60 48   7506.45F   7506.45  810       00000000000
00002605541102331 039102   6373523202110072 538356.72 24  22431.53F  22431.53  810       00000000000
00002605801102331 038303   6376367202110182 177383.52 48   3695.49F   3695.49  810       00000000000
00002605871102331 042200   6388154202110152 207871.20 48   4330.65F   4330.65  810       00000000000
00002606861102331 047631   6388027202110212 299334.24 48   6236.13F   6236.13  810       00000000000
00002607101102331 038204   6388880202110202 277161.12 48   5774.19F   5774.19  810       00000000000
00002607141102331 035474   6376432202110222 435046.56 48   9063.47F   9063.47  810       00000000000
00002607151102331 035474   6376432202110222 729030.72 48  15188.14F  15188.14  810       00000000000
00002607231102331 037774   6375252202110152 433885.32 36  12052.37F  12052.37  810       00000000000
00002607981102331 044687   6391622202110262 266075.04 48   5543.23F   5543.23  710       00000000000
00002608191102331 032836   6391529202110272 213414.24 48   4446.13F   4446.13  710       00000000000
00002608491102331 036045   6391956202110212 158698.92 12  13224.91F  13224.91  810       00000000000
00002608511102331 044787   6392042202110212 234598.32 12  19549.86F  19549.86  810       00000000000
00002608941102331 040954   6399203202111092 185956.32 48   3874.09F   3874.09  710       00000000000
00002608951102331 040954   6399203202111092 152180.64 48   3170.43F   3170.43  710       00000000000
00002609001102331 036953   6391921202110222 335365.44 48   6986.78F   6986.78  810       00000000000
00002609941102331 036524   6391563202110222 266075.04 48   5543.23F   5543.23  730       00000000000
00002611261102331 036427   6399063202111012 158698.92 12  13224.91F  13224.91  710       00000000000
00002611511102331 042364   6392481202110222 206370.00 24   8598.75F   8598.75  810       00000000000
00002613331102331 046581   6395338202110292 490575.36 48  10220.32F  10220.32  710       00000000000
00002614251102331 037952   6393971202110262  82799.40 12   6899.95F   6899.95  710       00000000000
00002615711102331 033764   6394201202110272 534921.12 48  11144.19F  11144.19  710       00000000000
00002616421102331 043358   6410345202111122  85920.00 48   1790.00F   1790.00  710       00000000000
00002618041102331 046038   6399116202111012 192084.84 36   5335.69F   5335.69  710       00000000000
00002618761102331 031229   6411331202111152 768055.44 24  32002.31F  32002.31  710       00000000000
00002620971102331 047346   6411650202111172 277161.12 48   5774.19F   5774.19  610       00000000000
00002621971102331 032502   6420783202111182 620841.60 48  12934.20F  12934.20  610       00000000000
00002624421102331 040341   6432976202111242 823169.28 48  17149.36F  17149.36  610       00000000000
00002625501102331 036056   6432468202111232 200098.56 12  16674.88F  16674.88  610       00000000000
00002626951102331 042113   6434950202111302 169068.48 48   3522.26F   3522.26  610       00000000000
00002627511102331 030344   6437677202112032 457603.20 24  19066.80F  19066.80  610       00000000000
00002631961102331 040810   6457597202112222 390797.28 48   8141.61F   8141.61  610       00000000000
00002637931102331 035713   6485000202201192 310420.80 48   6467.10F   6467.10  510       00000000000
00002639951102331 034052   64919572022020321016919.00 36  28247.75F  28247.75  410       00000000000
00002640231102331 046122   6491612202202032 455808.72 24  18992.03F  18992.03  410       00000000000
00002640681102331 044983   6494797202202072 202781.04 24   8449.21F   8449.21  410       00000000000
00002640861102331 040545   6495925202202072 206998.56 12  17249.88F  17249.88  410       00000000000
00002641091102331 044158   6494772202202072  82799.40 12   6899.95F   6899.95  410       00000000000
00002647681102331 034673   6517018202202242 339938.64 36   9442.74F   9442.74  410       00000000000
00002649991102331 033787   6545517202203112 868968.48 48  18103.51F  18103.51  310       00000000000
00002651501102331 047694   6565761202203282 250776.00 48   5224.50F   5224.50  210       00000000000
